0.477284 -0.878556 0.0184031 0.681433 0.878745 0.477243 -0.00686302 0.552625 -0.00275319 0.0194472 0.999807 0.791128
0.475569 -0.879562 0.0143053 1.0811 0.879678 0.475521 -0.0068145 1.33754 -0.000808696 0.0158249 0.999874 0.795587
0.474329 -0.880248 0.0132121 1.07945 0.880347 0.474292 -0.00604467 1.33909 -0.000945582 0.0144984 0.999894 0.795916
0.472888 -0.881008 0.0142354 1.48806 0.881119 0.472871 -0.00474069 2.13239 -0.00255493 0.0147849 0.999887 0.798459
0.471519 -0.881732 0.0147828 1.8988 0.881847 0.471523 -0.00340713 2.93324 -0.00396623 0.0146427 0.999885 0.8041
0.470459 -0.882287 0.0154489 2.31587 0.882411 0.47047 -0.00315605 3.73712 -0.00448371 0.0151171 0.999876 0.808585
0.468958 -0.883093 0.0150211 2.7308 0.883212 0.468959 -0.0036732 4.54815 -0.0038005 0.0149894 0.99988 0.812111
0.468012 -0.88358 0.0158237 3.15179 0.883718 0.467989 -0.00541075 5.36005 -0.00262447 0.016516 0.99986 0.814131
0.467262 -0.883958 0.016851 3.57274 0.88411 0.467258 -0.00440531 6.17845 -0.00397967 0.0169566 0.999848 0.814911
0.467129 -0.884019 0.0173616 3.99849 0.884154 0.467196 -0.000274735 7.00423 -0.00786838 0.0154786 0.999849 0.81558
0.467689 -0.8837 0.0184801 4.42523 0.883817 0.467821 0.00335548 7.83558 -0.0116106 0.0147637 0.999824 0.820218
0.468863 -0.88303 0.0206372 4.85575 0.883155 0.469052 0.00525927 8.66821 -0.014324 0.01576 0.999773 0.825862
0.470097 -0.882356 0.021373 5.28904 0.882479 0.470312 0.00615442 9.50449 -0.0154824 0.015968 0.999753 0.827953
0.47122 -0.881788 0.02003 5.7233 0.881917 0.471386 0.00429228 10.3423 -0.0132268 0.0156422 0.99979 0.827358
0.472196 -0.881337 0.0166164 6.15906 0.881456 0.472266 0.000316469 11.1823 -0.0081263 0.0144972 0.999862 0.825149
0.473348 -0.880743 0.0152862 6.60045 0.880864 0.47336 -0.00306271 12.0286 -0.00453841 0.0149148 0.999878 0.819957
0.474016 -0.880337 0.0177972 7.04784 0.880499 0.474035 -0.00340213 12.8814 -0.00544148 0.0172831 0.999836 0.813715
0.47371 -0.880411 0.0217918 7.49984 0.880621 0.473821 -0.000107113 13.7423 -0.0102311 0.0192411 0.999763 0.811583
0.472828 -0.880752 0.026643 7.95514 0.881038 0.47304 0.00194493 14.606 -0.0143162 0.0225539 0.999643 0.811689
0.471953 -0.880993 0.0333507 8.41341 0.881509 0.472164 -0.00172676 15.469 -0.0142257 0.0302139 0.999442 0.812984
0.470705 -0.881635 0.0340171 8.87169 0.882231 0.470771 -0.00652686 16.3315 -0.01026 0.0330832 0.9994 0.812508
0.469498 -0.882378 0.0313101 9.3266 0.882914 0.469427 -0.0100568 17.1995 -0.0058239 0.0323657 0.999459 0.8067
0.467851 -0.883298 0.0300035 9.78077 0.883797 0.467738 -0.0111058 18.0761 -0.004224 0.0317128 0.999488 0.801143
0.466834 -0.883798 0.0311064 10.2457 0.884322 0.466785 -0.0092602 18.9758 -0.00633585 0.0318311 0.999473 0.807445
0.465799 -0.884386 0.0298722 10.727 0.884841 0.465866 -0.00510241 19.9192 -0.0094039 0.0288088 0.999541 0.841077
0.464629 -0.884993 0.030127 11.2017 0.885444 0.464729 -0.00401181 20.8498 -0.0104505 0.0285398 0.999538 0.867388
0.463646 -0.885495 0.0305236 11.6765 0.885931 0.463814 -0.00173826 21.7818 -0.0126181 0.0278478 0.999533 0.890404
0.463423 -0.885526 0.0329029 12.1493 0.885985 0.463712 0.00131853 22.7041 -0.0164251 0.0285404 0.999458 0.90321
0.462932 -0.885929 0.0286987 12.6153 0.886209 0.463255 0.00543462 23.6306 -0.0181095 0.0229172 0.999573 0.921385
0.462953 -0.885937 0.0281228 13.0746 0.886189 0.463282 0.00620278 24.5452 -0.0185241 0.0220505 0.999585 0.924852
0.46288 -0.885992 0.0275842 13.5337 0.886261 0.463164 0.00460866 25.4593 -0.0168593 0.0223135 0.999609 0.929808
0.463145 -0.885952 0.0242028 13.989 0.88617 0.463349 0.00327668 26.3631 -0.0141173 0.0199302 0.999702 0.929693
0.462366 -0.886363 0.0240424 14.441 0.886582 0.462561 0.00300533 27.2664 -0.0137849 0.019926 0.999706 0.929668
0.461154 -0.886922 0.0265771 14.8962 0.887189 0.461394 0.00338187 28.1615 -0.0152619 0.0220193 0.999641 0.934274
0.460352 -0.88733 0.0268639 15.3505 0.887589 0.460617 0.00431695 29.0541 -0.0162045 0.0218567 0.99963 0.939815
0.460141 -0.887535 0.0235066 15.7964 0.887731 0.460346 0.00388124 29.9436 -0.0142659 0.0190816 0.999716 0.94974
0.459651 -0.887864 0.0204658 16.2359 0.888053 0.45974 -0.000399462 30.8261 -0.00905427 0.0183583 0.99979 0.956736
0.459248 -0.888094 0.019517 16.6744 0.888273 0.459314 -0.00121411 31.707 -0.0078862 0.017894 0.999809 0.955907
0.458886 -0.888239 0.0213241 17.1177 0.888427 0.459015 0.00132014 32.5883 -0.0109607 0.0183392 0.999772 0.954123
0.458531 -0.88832 0.0252141 17.5631 0.888568 0.458737 0.00272737 33.4658 -0.0139894 0.0211538 0.999678 0.962599
0.458249 -0.888417 0.0268981 18.0033 0.888697 0.458485 0.00300995 34.3376 -0.0150065 0.022525 0.999634 0.968729
0.458141 -0.888401 0.0291571 18.4421 0.888766 0.45836 0.000960606 35.2045 -0.0142179 0.0254737 0.999574 0.972187
0.457725 -0.888543 0.0313008 18.8782 0.889006 0.45789 -0.00209638 36.0642 -0.0124696 0.0287862 0.999508 0.972279
0.456669 -0.889023 0.0330363 19.3183 0.88954 0.456852 -0.00220577 36.9263 -0.0131317 0.0303944 0.999452 0.969502
0.455556 -0.889412 0.0376093 19.7546 0.890038 0.455886 0.000222034 37.7848 -0.017343 0.0333726 0.999292 0.965102
0.454854 -0.889582 0.0418448 20.1918 0.890275 0.455403 0.0041447 38.6457 -0.0227433 0.0353682 0.999116 0.961125
0.454281 -0.889879 0.0417669 20.6193 0.890507 0.45492 0.00677398 39.5065 -0.0250286 0.0341165 0.999104 0.956872
0.453043 -0.890625 0.0392323 21.0383 0.891203 0.453573 0.00535717 40.3604 -0.022566 0.0325369 0.999216 0.952579
0.45201 -0.891361 0.0341054 21.4562 0.891895 0.452241 -0.00105802 41.201 -0.0144808 0.0308967 0.999418 0.95077
0.451231 -0.891887 0.0304644 21.8735 0.892368 0.45127 -0.00598573 42.0303 -0.00840908 0.0298864 0.999518 0.942246
0.450045 -0.892618 0.0263001 22.2857 0.892959 0.450128 -0.00301713 42.8566 -0.00914528 0.0248428 0.99965 0.936367
0.449159 -0.893112 0.0246607 22.6885 0.893373 0.449315 0.000907575 43.6783 -0.011891 0.0216235 0.999695 0.936603
0.447878 -0.893798 0.0230344 23.0868 0.893989 0.448072 0.00382902 44.4866 -0.0137435 0.0188776 0.999727 0.945058
0.446794 -0.894354 0.0225002 23.4784 0.894544 0.446968 0.00311507 45.2799 -0.0128428 0.0187356 0.999742 0.954429
0.445318 -0.895111 0.0216298 23.8633 0.89527 0.445503 0.00440795 46.0632 -0.0135817 0.0174016 0.999756 0.956062
0.443951 -0.895809 0.020807 24.2401 0.895938 0.444144 0.00553715 46.8347 -0.0142016 0.0161836 0.999768 0.958777
0.442482 -0.896523 0.0213889 24.6116 0.89665 0.442695 0.00631708 47.5944 -0.0151322 0.0163832 0.999751 0.962802
0.441153 -0.897158 0.0221658 24.9775 0.897293 0.441385 0.00668022 48.3419 -0.0157769 0.0169423 0.999732 0.966492
0.439833 -0.897828 0.0212625 25.3366 0.897899 0.440096 0.009632 49.0813 -0.0180054 0.0148552 0.999728 0.967326
0.438648 -0.898394 0.0218323 25.6879 0.898378 0.438989 0.0143436 49.8092 -0.0224703 0.0133219 0.999659 0.966912
0.436914 -0.899266 0.020642 26.0311 0.89917 0.437262 0.0171682 50.528 -0.0244647 0.0110597 0.99964 0.969158
0.435588 -0.899999 0.0162684 26.3698 0.899898 0.435821 0.015592 51.2259 -0.0211229 0.00784821 0.999746 0.977354
0.434618 -0.900536 0.0119226 26.6933 0.90051 0.434731 0.00955262 51.9055 -0.0137856 0.00658466 0.999883 0.983943
0.43336 -0.901165 0.0100176 27.0109 0.901184 0.433416 0.00419068 52.5694 -0.0081183 0.00721165 0.999941 0.986179
0.432949 -0.901381 0.00827237 27.3189 0.901401 0.43298 0.00234436 53.2176 -0.00569494 0.00644174 0.999963 0.985191
0.432221 -0.901735 0.00770757 27.6177 0.901725 0.432268 0.00607215 53.8549 -0.00880721 0.00432559 0.999952 0.986608
0.431014 -0.902307 0.00832684 27.9059 0.902265 0.43108 0.0093422 54.4717 -0.0120191 0.0034864 0.999922 0.997934
0.429868 -0.902842 0.00952912 28.1878 0.902843 0.42993 0.00580331 55.0625 -0.00933633 0.00610865 0.999938 1.01905
0.42986 -0.902785 0.0141517 28.4664 0.902884 0.429881 -0.00172662 55.631 -0.00452479 0.0135196 0.999898 1.03109
0.430764 -0.902334 0.0153412 28.7371 0.902464 0.430681 -0.00849074 56.1824 0.00105433 0.0175024 0.999846 1.04217
0.433308 -0.901141 0.0137773 28.9968 0.901244 0.433224 -0.00870676 56.7226 0.00187737 0.0161894 0.999867 1.05229
0.436694 -0.899553 0.0101459 29.2457 0.899609 0.436682 -0.00348129 57.2547 -0.00129892 0.0106476 0.999942 1.06276
0.440705 -0.897562 0.0127338 29.4935 0.89764 0.440727 -0.00119749 57.7714 -0.0045373 0.0119581 0.999918 1.07463
0.445267 -0.895205 0.0185749 29.7428 0.895356 0.44535 0.000340282 58.2702 -0.00857696 0.0164797 0.999827 1.08364
0.452154 -0.891609 0.0243031 29.9969 0.891845 0.452335 0.00226452 58.7515 -0.0130122 0.0206507 0.999702 1.09532
0.461278 -0.88698 0.0221267 30.2401 0.88716 0.461451 0.00315721 59.2192 -0.0130108 0.0181736 0.99975 1.11367
0.474135 -0.880286 0.0170924 30.4771 0.880356 0.474281 0.0055673 59.6734 -0.0130074 0.0124077 0.999838 1.12267
0.489774 -0.871752 0.0130602 30.7071 0.871736 0.489897 0.00877715 60.1194 -0.0140496 0.00708621 0.999876 1.12836
0.508188 -0.861129 0.0141989 30.9452 0.861115 0.508329 0.00909049 60.5449 -0.0150458 0.0076072 0.999858 1.1317
0.529879 -0.847886 0.0178119 31.1939 0.847909 0.530073 0.00855287 60.9478 -0.0166935 0.0105709 0.999805 1.13286
0.553939 -0.832316 0.0200388 31.4479 0.832341 0.554183 0.00946649 61.3327 -0.0189843 0.0114352 0.999754 1.13711
0.580416 -0.81404 0.0213811 31.7086 0.814039 0.580705 0.0110241 61.7027 -0.0213902 0.0110065 0.999711 1.1407
0.609773 -0.792268 0.0221172 31.977 0.792239 0.61009 0.0121427 62.0586 -0.0231138 0.0101178 0.999682 1.14355
0.641585 -0.766729 0.0222424 32.256 0.766673 0.64191 0.0128038 62.3972 -0.0240947 0.00883793 0.999671 1.14422
0.675202 -0.737279 0.0228317 32.5448 0.737202 0.675542 0.0132873 62.7206 -0.0252202 0.00786001 0.999651 1.14157
0.710393 -0.703498 0.0208086 32.8429 0.703373 0.710682 0.0140418 63.0224 -0.0246667 0.004661 0.999685 1.14274
0.747152 -0.664378 0.0191339 33.152 0.664251 0.747392 0.0132648 63.2984 -0.0231134 0.00279893 0.999729 1.1446
0.784168 -0.620273 0.0185068 33.4722 0.620148 0.784384 0.012545 63.5519 -0.0222978 0.00163962 0.99975 1.14417
0.82016 -0.571861 0.0176762 33.8011 0.571728 0.82035 0.0123397 63.7804 -0.0215572 -1.45333e-05 0.999768 1.14055
0.854501 -0.519177 0.0168189 34.1381 0.519048 0.854666 0.0116326 63.982 -0.020414 -0.00121026 0.999791 1.13402
0.886216 -0.462951 0.017243 34.4833 0.462865 0.886384 0.00890949 64.1563 -0.0194086 8.54516e-05 0.999812 1.12551
0.91411 -0.40509 0.0174733 34.8358 0.405008 0.914277 0.00817745 64.3046 -0.019288 -0.000398272 0.999814 1.1197
0.938021 -0.346022 0.0196061 35.1938 0.345923 0.938226 0.00834818 64.4293 -0.0212836 -0.00104857 0.999773 1.1164
0.957908 -0.286232 0.021983 35.5571 0.286058 0.958152 0.0107739 64.5325 -0.0241469 -0.00403206 0.9997 1.11413
0.973808 -0.226135 0.0236832 35.9276 0.225932 0.974082 0.010957 64.6097 -0.0255472 -0.00531921 0.999659 1.10854
0.985751 -0.166518 0.0237963 36.2987 0.166369 0.98603 0.00810082 64.6617 -0.0248128 -0.00402643 0.999684 1.10144
0.993769 -0.108801 0.0241835 36.6753 0.108776 0.994063 0.00235731 64.6845 -0.0242964 0.000287963 0.999705 1.09129
0.998289 -0.0534752 0.0236633 37.0488 0.0533979 0.998566 0.00388742 64.6922 -0.0238372 -0.0026172 0.999712 1.08589
0.999726 0.000700234 0.0233924 37.4211 -0.000901151 0.999963 0.00857954 64.6834 -0.0233855 -0.00859827 0.99969 1.08196
0.998427 0.0513613 0.0225048 37.796 -0.0516055 0.998613 0.0104046 64.6593 -0.0219392 -0.0115496 0.999693 1.07551
0.995 0.0975045 0.0216142 38.172 -0.0976229 0.995213 0.00449212 64.6116 -0.0210727 -0.0065797 0.999756 1.06559
0.989938 0.139744 0.0222327 38.5433 -0.139551 0.990164 -0.0100372 64.5348 -0.0234167 0.00683357 0.999702 1.05244
0.983969 0.176771 0.0236049 38.9177 -0.176421 0.984182 -0.016183 64.4448 -0.0260923 0.0117592 0.99959 1.04328
0.977418 0.210212 0.0215639 39.2864 -0.209961 0.977619 -0.013331 64.3516 -0.0238836 0.00850241 0.999679 1.0405
0.970272 0.241178 0.0201108 39.6614 -0.241197 0.970475 -0.00154721 64.2639 -0.0198902 -0.00334945 0.999797 1.03762
0.962809 0.269513 0.0190298 40.0391 -0.269661 0.962939 0.00564699 64.1688 -0.0168026 -0.0105686 0.999803 1.0354
0.955514 0.294455 0.0169702 40.4171 -0.294583 0.95561 0.00549768 64.0544 -0.0145981 -0.0102522 0.999841 1.03581
0.94818 0.317448 0.0134872 40.7976 -0.317486 0.948263 0.000724108 63.9166 -0.0125595 -0.00496857 0.999909 1.03305
0.94152 0.336934 0.00383876 41.1755 -0.336915 0.941523 -0.00477382 63.7642 -0.00522274 0.00320131 0.999981 1.03206
0.934693 0.35543 -0.00438652 41.5629 -0.355446 0.93469 -0.00358807 63.5986 0.00282473 0.00491292 0.999984 1.01484
0.928186 0.372088 -0.00458592 41.9653 -0.372094 0.928195 -0.000557145 63.4317 0.00404932 0.00222353 0.999989 0.992543
0.922286 0.386504 0.00167935 42.3853 -0.386505 0.922287 0.000442812 63.2564 -0.0013777 -0.00105748 0.999999 0.982252
0.91649 0.400022 0.00527562 42.8122 -0.400023 0.916505 -0.000873649 63.0665 -0.00518461 -0.00130968 0.999986 0.988249
0.910944 0.412478 0.00659334 43.2414 -0.412463 0.910967 -0.00353964 62.8611 -0.00746634 0.000504901 0.999972 0.994297
0.90594 0.423367 0.00577645 43.6765 -0.423326 0.90595 -0.00711225 62.643 -0.00824427 0.00399795 0.999958 0.997163
0.901426 0.432916 0.0038176 44.1187 -0.432865 0.901407 -0.00966894 62.4131 -0.00762704 0.00706333 0.999946 0.996308
0.897647 0.44071 0.00223751 44.574 -0.440661 0.897604 -0.01123 62.1733 -0.00695757 0.00909459 0.999934 0.994625
0.894941 0.446182 0.00121058 45.0429 -0.446134 0.894878 -0.0125573 61.9244 -0.00668617 0.010698 0.99992 0.992817
0.892315 0.451414 -0.000414951 45.5239 -0.451379 0.892233 -0.0132829 61.6644 -0.00562584 0.0120398 0.999912 0.990394
0.889428 0.457074 -0.00139389 46.0189 -0.457051 0.889345 -0.0130421 61.3963 -0.00472156 0.0122371 0.999914 0.985042
0.887265 0.461253 -0.00249977 46.5323 -0.461235 0.88715 -0.0150448 61.1165 -0.00472177 0.0145017 0.999884 0.976288
0.885608 0.464423 -0.00316325 47.0624 -0.464408 0.885466 -0.0165855 60.825 -0.00490176 0.0161573 0.999857 0.971206
0.883972 0.467527 -0.00332678 47.6009 -0.467509 0.883812 -0.0176289 60.5191 -0.00530173 0.0171387 0.999839 0.965114
0.882472 0.470351 -0.0035266 48.1574 -0.470327 0.882283 -0.0192181 60.2045 -0.00592781 0.0186181 0.999809 0.959741
0.881764 0.471659 -0.00544906 48.7256 -0.471651 0.881479 -0.0232392 59.875 -0.00615774 0.0230615 0.999715 0.953099
0.881821 0.47153 -0.00713158 49.3083 -0.471541 0.881437 -0.0267935 59.5382 -0.00634791 0.02699 0.999616 0.946855
0.882598 0.470059 -0.00803764 49.903 -0.470084 0.882156 -0.0286666 59.1917 -0.00638456 0.0290795 0.999557 0.939671
0.884037 0.467319 -0.00953922 50.5162 -0.467379 0.883523 -0.03073 58.8402 -0.0059326 0.0316249 0.999482 0.932545
0.885769 0.464022 -0.00985964 51.1465 -0.464089 0.885224 -0.0316099 58.4848 -0.00593969 0.0325748 0.999452 0.926063
0.88752 0.460681 -0.00907652 51.7931 -0.460709 0.886911 -0.0336883 58.1207 -0.00746949 0.0340807 0.999391 0.91837
0.889304 0.457249 -0.0078632 52.4588 -0.457232 0.888677 -0.0345282 57.7576 -0.00880015 0.0343014 0.999373 0.91652
0.891152 0.45368 -0.00465068 53.1403 -0.453572 0.8906 -0.0332324 57.3929 -0.010935 0.0317246 0.999437 0.91489
0.892964 0.450118 -0.00308567 53.8384 -0.449967 0.89244 -0.0328716 57.0256 -0.0120423 0.0307416 0.999455 0.910825
0.894754 0.446551 -0.0026992 54.543 -0.44642 0.894306 -0.0304281 56.6591 -0.0111738 0.0284306 0.999533 0.907396
0.896258 0.443509 -0.00452746 55.2562 -0.44346 0.895881 -0.0272158 56.2925 -0.00801441 0.0264002 0.999619 0.905576
0.896887 0.4422 -0.0073302 55.9736 -0.442255 0.896671 -0.0197674 55.9296 -0.00216837 0.020971 0.999778 0.907829
0.896741 0.44247 -0.00868852 56.6994 -0.442555 0.896597 -0.016114 55.5636 0.000660128 0.0182952 0.999832 0.90359
0.896771 0.442427 -0.0077292 57.4301 -0.442494 0.896664 -0.0138651 55.194 0.000796214 0.0158539 0.999874 0.900828
0.896735 0.44255 -0.00391315 58.1641 -0.442563 0.896651 -0.0124756 54.8227 -0.00201234 0.0129191 0.999915 0.905857
0.896665 0.442693 -0.00372975 58.8951 -0.442701 0.896569 -0.013429 54.4503 -0.00260096 0.0136925 0.999903 0.917721
0.896743 0.442549 -0.00169503 59.6262 -0.442536 0.896669 -0.012117 54.078 -0.0038425 0.011616 0.999925 0.926798
0.8966 0.442841 -0.000802178 60.3551 -0.442823 0.896545 -0.0106759 53.7042 -0.00400853 0.00992723 0.999943 0.936979
0.896632 0.442777 -0.000283848 61.0828 -0.442764 0.896602 -0.00809987 53.3304 -0.00333193 0.00738828 0.999967 0.950597
0.896103 0.443845 0.000117461 61.8086 -0.443839 0.896093 -0.00494368 52.9605 -0.00229949 0.00437792 0.999988 0.959875
0.894887 0.446291 0.0015705 62.5339 -0.446287 0.894887 -0.00238076 52.5895 -0.00246793 0.00142961 0.999996 0.967186
0.893168 0.449705 0.00407367 63.2592 -0.449707 0.893176 -0.000547683 52.2188 -0.0038848 -0.00134278 0.999992 0.974955
0.890962 0.454016 0.00744037 63.9824 -0.454031 0.890986 0.000273789 51.8443 -0.00650496 -0.00362209 0.999972 0.983117
0.888063 0.459598 0.0106591 64.7039 -0.459634 0.888108 0.00111529 51.4673 -0.00895388 -0.00588975 0.999943 0.993763
0.884616 0.466183 0.0113023 65.4195 -0.466229 0.884662 0.00172546 51.084 -0.00919434 -0.00679583 0.999935 1.00411
0.880521 0.473882 0.0108824 66.1283 -0.473936 0.880555 0.0028671 50.6957 -0.00822384 -0.00768208 0.999937 1.01241
0.875687 0.482772 0.0101297 66.8293 -0.482821 0.875714 0.0029231 50.3029 -0.00745955 -0.00745056 0.999944 1.0171
0.87068 0.491739 0.010435 67.5255 -0.491781 0.870717 0.00175286 49.9004 -0.00822397 -0.00665791 0.999944 1.02033
0.8653 0.501103 0.0123362 68.215 -0.501161 0.865352 0.00196827 49.4955 -0.00968888 -0.00788559 0.999922 1.02644
0.859634 0.510755 0.0125957 68.8943 -0.510804 0.859697 0.000765655 49.086 -0.0104374 -0.00709211 0.99992 1.03282
0.853883 0.520312 0.0126059 69.5687 -0.520359 0.853947 0.000536795 48.6688 -0.0104855 -0.00701796 0.99992 1.03621
0.84805 0.529776 0.0121735 70.2334 -0.529824 0.848107 0.000893767 48.2464 -0.00985092 -0.00720776 0.999925 1.03938
0.842287 0.538906 0.0115776 70.889 -0.538959 0.84233 0.00186268 47.8217 -0.00874834 -0.00780875 0.999931 1.04335
0.836642 0.547649 0.0105071 71.5369 -0.547695 0.836676 0.00194065 47.3912 -0.00772822 -0.0073783 0.999943 1.04585
0.831328 0.555699 0.00961705 72.1746 -0.555737 0.831356 0.00175505 46.9581 -0.00701991 -0.00680358 0.999952 1.04803
0.825912 0.563726 0.00907351 72.8008 -0.563761 0.825937 0.0015821 46.522 -0.00660227 -0.00642196 0.999958 1.05144
0.820487 0.571596 0.00884968 73.4162 -0.571627 0.820512 0.00125124 46.0826 -0.00654607 -0.00608535 0.99996 1.05632
0.81544 0.578779 0.00848566 74.023 -0.578801 0.815469 8.59601e-05 45.6433 -0.00687004 -0.0049816 0.999964 1.05979
0.811016 0.584957 0.00883114 74.6193 -0.584966 0.811056 -0.00187593 45.2009 -0.00825989 -0.0036445 0.999959 1.0641
0.807808 0.589382 0.00867291 75.2063 -0.58936 0.807854 -0.00509857 44.758 -0.0100114 -0.000992799 0.999949 1.06879
0.805348 0.59274 0.00859273 75.7816 -0.592679 0.805392 -0.00871525 44.3169 -0.0120864 0.00192609 0.999925 1.07566
0.803554 0.595168 0.00872433 76.3513 -0.595077 0.803593 -0.0110433 43.8778 -0.0135834 0.00368226 0.999901 1.07985
0.802451 0.596648 0.00906671 76.912 -0.596544 0.802492 -0.0118776 43.4459 -0.0143627 0.00412247 0.999888 1.08272
0.801807 0.597518 0.00882531 77.4589 -0.59741 0.801843 -0.0122068 43.0234 -0.0143703 0.0045152 0.999887 1.08506
0.802159 0.597064 0.00737066 77.9964 -0.596961 0.802174 -0.0123962 42.6082 -0.0133139 0.00554377 0.999896 1.08671
0.803792 0.594883 0.00574245 78.5198 -0.594787 0.803784 -0.0126595 42.2031 -0.0121466 0.0067601 0.999903 1.0876
0.806624 0.591044 0.00494145 79.0313 -0.590957 0.806609 -0.0123398 41.8111 -0.0112792 0.00703338 0.999912 1.08877
0.811067 0.584934 0.00477193 79.5329 -0.584857 0.811055 -0.0115412 41.4347 -0.0106212 0.00656983 0.999922 1.09058
0.817271 0.576232 0.00489457 80.0228 -0.576163 0.817265 -0.0106769 41.0772 -0.0101526 0.00590589 0.999931 1.09317
0.824868 0.565305 0.00485421 80.501 -0.565239 0.824862 -0.0103981 40.7353 -0.00988212 0.00583324 0.999934 1.09676
0.834152 0.551519 0.00416128 80.9666 -0.551471 0.834147 -0.00890796 40.4138 -0.00838402 0.00513577 0.999952 1.10267
0.845233 0.534392 0.00236268 81.4231 -0.534368 0.845225 -0.00666431 40.1165 -0.00555835 0.00437036 0.999975 1.10814
0.857705 0.514142 0.000253802 81.8803 -0.514137 0.857699 -0.00384318 39.8369 -0.00219362 0.00316582 0.999993 1.11672
0.871652 0.490125 -0.000804 82.3394 -0.490126 0.87165 -0.00188358 39.5723 -0.000222384 0.00203589 0.999998 1.12391
0.887029 0.461714 -0.000495813 82.8034 -0.461715 0.887028 -0.00108784 39.3206 -6.24734e-05 0.00119387 0.999999 1.1291
0.903569 0.42844 0.00130972 83.2736 -0.428437 0.903569 -0.00195541 39.0852 -0.0020212 0.00120572 0.999997 1.13417
0.920583 0.390519 0.00465931 83.7488 -0.390511 0.920595 -0.00258072 38.8697 -0.00529715 0.000556252 0.999986 1.14087
0.937074 0.349002 0.00952013 84.23 -0.348992 0.937122 -0.00276528 38.678 -0.00988661 -0.000731178 0.999951 1.14866
0.952783 0.303323 0.0141407 84.7142 -0.303339 0.952882 -0.00104164 38.5136 -0.0137904 -0.00329696 0.9999 1.15791
0.967247 0.253282 0.0167878 85.2043 -0.253335 0.967378 0.00112241 38.3711 -0.0159559 -0.0053386 0.999858 1.16747
0.979909 0.198713 0.0171003 85.6935 -0.198769 0.980045 0.00164964 38.2628 -0.0164312 -0.0050155 0.999852 1.17711
0.990183 0.139008 0.0146313 86.1777 -0.139004 0.990291 -0.00132917 38.1798 -0.014674 -0.000717681 0.999892 1.18125
0.997147 0.0748363 0.00990862 86.6573 -0.0748113 0.997194 -0.00287524 38.1264 -0.010096 0.00212576 0.999947 1.18742
0.999957 0.00835264 0.00403121 87.1295 -0.00832947 0.999949 -0.00573106 38.1049 -0.00407887 0.00569723 0.999975 1.19203
0.998233 -0.059423 -0.00021208 87.5991 0.0594216 0.998224 -0.00423819 38.1196 0.00046355 0.0042181 0.999991 1.19669
0.991856 -0.127315 -0.00353001 88.0619 0.127305 0.991859 -0.00292385 38.17 0.00387352 0.00245065 0.999989 1.19868
0.980802 -0.194918 -0.00579607 88.5182 0.194896 0.980815 -0.00410918 38.2519 0.00648582 0.00290067 0.999975 1.20049
0.965359 -0.260874 -0.00519441 88.9685 0.260842 0.965362 -0.00617384 38.3626 0.00662508 0.00460505 0.999967 1.20296
0.945643 -0.325204 -0.00100281 89.4111 0.325193 0.94563 -0.00584929 38.5043 0.00285049 0.00520523 0.999982 1.20813
0.921687 -0.3879 0.00526859 89.8426 0.387923 0.921681 -0.00446139 38.6765 -0.00312539 0.00615581 0.999976 1.21613
0.894489 -0.446978 0.0100199 90.258 0.447017 0.894523 -0.00197804 38.8782 -0.00807887 0.00624839 0.999948 1.2285
0.865052 -0.501445 0.0154429 90.6606 0.501491 0.865162 0.000964941 39.1099 -0.0138445 0.00690976 0.99988 1.23725
0.835033 -0.549892 0.0183836 91.051 0.549886 0.835219 0.00581752 39.3651 -0.0185533 0.00525106 0.999814 1.24473
0.806082 -0.591504 0.0188457 91.4292 0.591439 0.806295 0.00942449 39.6422 -0.0207698 0.0035492 0.999778 1.25395
0.779605 -0.626058 0.0163748 91.7936 0.625848 0.779773 0.0164056 39.942 -0.0230395 -0.00254172 0.999731 1.25841
0.755764 -0.654731 0.012219 92.1492 0.654506 0.755841 0.0180287 40.2624 -0.0210396 -0.00562805 0.999763 1.25728
0.733915 -0.679172 0.00974195 92.4964 0.678953 0.733946 0.0185945 40.5937 -0.0197789 -0.00703245 0.99978 1.24716
0.717347 -0.696588 0.0133609 92.8491 0.696453 0.717471 0.0136905 40.9269 -0.0191227 -0.000515616 0.999817 1.23434
0.70578 -0.708254 0.0158225 93.2008 0.708162 0.705952 0.0118032 41.2669 -0.0195296 0.00287446 0.999805 1.22787
0.69637 -0.717566 0.012937 93.5459 0.717434 0.69649 0.013806 41.621 -0.0189172 -0.000332619 0.999821 1.22931
0.689197 -0.724519 0.00892816 93.8917 0.724325 0.689231 0.0177148 41.9893 -0.0189883 -0.00574207 0.999803 1.22234
0.684581 -0.72893 0.0030194 94.2409 0.728722 0.684474 0.0214567 42.3696 -0.0177071 -0.0124885 0.999765 1.21033
0.682447 -0.730926 -0.00361035 94.593 0.730801 0.68222 0.0224837 42.7555 -0.0139709 -0.0179824 0.999741 1.20469
0.681774 -0.731536 -0.00625766 94.9567 0.731467 0.681522 0.0219774 43.1496 -0.0118125 -0.0195609 0.999739 1.19969
0.683368 -0.730039 -0.00716525 95.3306 0.730018 0.68316 0.0191219 43.5444 -0.0090647 -0.018298 0.999791 1.20077
0.686464 -0.727103 -0.00938817 95.7134 0.72716 0.686364 0.01191 43.9418 -0.00221612 -0.0150025 0.999885 1.20324
0.689542 -0.724148 -0.0119116 96.1071 0.724239 0.689512 0.00712988 44.3491 0.00305009 -0.0135432 0.999904 1.19763
0.69272 -0.721049 -0.015069 96.5064 0.721203 0.692637 0.0110067 44.7695 0.00250092 -0.0184924 0.999826 1.19106
0.696815 -0.717082 -0.0155479 96.9185 0.717249 0.696608 0.0170418 45.2038 -0.00138954 -0.0230267 0.999734 1.19082
0.700382 -0.71368 -0.0112102 97.3413 0.713744 0.700141 0.0192934 45.6448 -0.0059206 -0.021514 0.999751 1.19336
0.703079 -0.711095 -0.00484355 97.7815 0.711014 0.702853 0.0213612 46.0874 -0.0117855 -0.0184624 0.99976 1.1965
0.705561 -0.70865 -0.00018847 98.2323 0.708453 0.705359 0.0237199 46.5335 -0.0166762 -0.0168694 0.999719 1.20099
0.70786 -0.706343 0.00373056 98.6911 0.706123 0.707754 0.0217751 46.9844 -0.018021 -0.0127795 0.999756 1.20417
0.708311 -0.705884 0.00494245 99.1543 0.705734 0.708278 0.0168115 47.4416 -0.0153676 -0.00841972 0.999846 1.20322
0.708178 -0.706029 0.00256894 99.6251 0.705971 0.708158 0.0108213 47.9012 -0.00945941 -0.00584984 0.999938 1.20201
0.707778 -0.70643 -0.00272882 100.099 0.706434 0.707763 0.00486143 48.3689 -0.00150291 -0.00536854 0.999985 1.20043
0.706125 -0.708045 -0.00777853 100.578 0.708081 0.706123 0.00351422 48.8524 0.00300437 -0.00798931 0.999964 1.19497
0.704315 -0.709869 -0.00505805 101.072 0.709887 0.70429 0.00596045 49.3482 -0.000668811 -0.00778868 0.999969 1.185
0.703044 -0.711144 0.00189985 101.579 0.711102 0.703028 0.00924437 49.8533 -0.00790972 -0.00514821 0.999955 1.18134
0.701173 -0.71297 0.00553636 102.093 0.712838 0.701162 0.0152713 50.3719 -0.0147699 -0.00676132 0.999868 1.18806
0.699795 -0.714337 0.003183 102.608 0.714196 0.699733 0.0172501 50.8949 -0.0145496 -0.00979824 0.999846 1.20005
0.698437 -0.715663 -0.00355265 103.121 0.715603 0.698292 0.017337 51.4274 -0.00992669 -0.0146511 0.999843 1.20413
0.69584 -0.718159 -0.00742252 103.64 0.718183 0.695724 0.0134722 51.9686 -0.00451117 -0.0147052 0.999882 1.19965
0.692861 -0.721018 -0.00872216 104.171 0.72107 0.692791 0.00991408 52.5149 -0.0011056 -0.0131584 0.999913 1.1928
0.690097 -0.723688 -0.00650103 104.712 0.723713 0.690033 0.00972389 53.0731 -0.00255114 -0.0114153 0.999932 1.18671
0.687464 -0.726214 -0.00261907 105.261 0.726208 0.68743 0.0079381 53.6401 -0.00396433 -0.00735914 0.999965 1.18847
0.68604 -0.727564 5.62416e-05 105.814 0.727532 0.68601 0.00937414 54.2157 -0.00685887 -0.00639012 0.999956 1.19313
0.684879 -0.728648 0.00373273 106.375 0.728596 0.684878 0.00951302 54.8015 -0.00948811 -0.00379561 0.999948 1.19793
0.684369 -0.729088 0.00837699 106.947 0.729055 0.684419 0.00698828 55.4017 -0.0108284 0.00132473 0.99994 1.19819
0.683894 -0.72953 0.00862039 107.519 0.72948 0.683948 0.00856963 56.0062 -0.0121477 0.000427687 0.999926 1.19895
0.684245 -0.729239 0.00433499 108.091 0.729178 0.684248 0.0102493 56.6178 -0.0104404 -0.00385205 0.999938 1.2033
0.684698 -0.728824 -0.00182606 108.659 0.728791 0.684637 0.0116759 57.2336 -0.00725946 -0.00932525 0.99993 1.20517
0.685245 -0.728265 -0.00833413 109.232 0.72829 0.685088 0.0157777 57.8563 -0.00578074 -0.0168812 0.999841 1.204
0.687103 -0.726438 -0.0133172 109.809 0.726532 0.6868 0.0213873 58.4801 -0.00639032 -0.0243706 0.999683 1.20097
0.689482 -0.724164 -0.0141945 110.393 0.724245 0.689047 0.0261361 59.1101 -0.00914616 -0.0283006 0.999558 1.20101
0.691292 -0.722424 -0.0147982 110.98 0.722524 0.690855 0.0260375 59.7367 -0.00858669 -0.0286916 0.999551 1.20798
0.6928 -0.720943 -0.0164204 111.574 0.72111 0.692431 0.0232377 60.3584 -0.00538312 -0.02794 0.999595 1.21271
0.693528 -0.72035 -0.0106609 112.176 0.720402 0.693297 0.0189984 60.9828 -0.00629433 -0.0208561 0.999763 1.20572
0.69384 -0.720106 -0.00582413 112.788 0.720103 0.693724 0.014104 61.6147 -0.00611601 -0.0139799 0.999884 1.19735
0.694905 -0.719087 -0.00456677 113.397 0.719075 0.694812 0.0129308 62.2421 -0.00612531 -0.0122695 0.999906 1.19484
0.695651 -0.718355 -0.00595578 114 0.718336 0.695494 0.016784 62.8742 -0.00791468 -0.0159541 0.999841 1.19444
0.696309 -0.717729 -0.00431309 114.604 0.717623 0.696071 0.0223875 63.5098 -0.0130659 -0.0186838 0.99974 1.18856
0.696999 -0.717062 -0.00367498 115.206 0.716816 0.696605 0.0302499 64.1464 -0.019131 -0.0237184 0.999536 1.18501
0.697919 -0.716149 -0.00639375 115.806 0.716053 0.697604 0.0248192 64.7658 -0.013314 -0.0219001 0.999671 1.19381
0.698273 -0.715745 -0.0111355 116.4 0.715832 0.69819 0.0107618 65.3615 7.19628e-05 -0.0154858 0.99988 1.20503
0.69799 -0.715968 -0.0141238 116.999 0.71602 0.698077 -0.0018156 65.9498 0.0111594 -0.00884568 0.999899 1.21079
0.697376 -0.716638 -0.00981773 117.604 0.716685 0.697395 0.00194336 66.549 0.00545415 -0.00839147 0.99995 1.20836
0.696416 -0.717614 0.0058805 118.218 0.717457 0.696401 0.016788 67.1627 -0.0161425 -0.00747242 0.999842 1.20796
0.695195 -0.718606 0.0175905 118.827 0.718019 0.695368 0.0302113 67.779 -0.0339419 -0.00837239 0.999389 1.22547
0.694823 -0.719057 0.0133444 119.422 0.718586 0.694884 0.0277578 68.3799 -0.0292322 -0.00969763 0.999526 1.25757
0.6942 -0.719781 -0.000658718 120.001 0.719653 0.694059 0.0194993 68.9689 -0.013578 -0.0140105 0.99981 1.25985
0.693442 -0.720485 -0.00626794 120.582 0.720499 0.69335 0.0121499 69.5535 -0.00440793 -0.0129413 0.999907 1.234
0.692099 -0.721789 -0.00440367 121.17 0.721798 0.692057 0.00805139 70.1388 -0.00276381 -0.00875092 0.999958 1.21042
0.690135 -0.723677 -0.00226695 121.759 0.723654 0.690079 0.0107228 70.7303 -0.00619546 -0.00904066 0.99994 1.20789
0.687582 -0.726101 -0.00281763 122.335 0.726092 0.687539 0.00895109 71.3266 -0.00456217 -0.00820048 0.999956 1.21226
0.68406 -0.729413 -0.0043834 122.903 0.729423 0.684026 0.00715087 71.9218 -0.00221758 -0.00808898 0.999965 1.20202
0.681703 -0.731593 -0.00725304 123.468 0.731622 0.681619 0.011148 72.5165 -0.00321196 -0.0129061 0.999912 1.18592
0.68005 -0.733051 -0.0129808 124.022 0.733165 0.679909 0.0139196 73.1151 -0.00137797 -0.0189831 0.999819 1.18455
0.67867 -0.734322 -0.013339 124.58 0.734434 0.678455 0.0174679 73.7159 -0.00377715 -0.0216516 0.999758 1.17305
0.677612 -0.735358 -0.00947762 125.142 0.735371 0.677363 0.020222 74.3155 -0.00845059 -0.0206722 0.999751 1.16915
0.676648 -0.736261 -0.00823342 125.703 0.736251 0.676417 0.0198697 74.9105 -0.00906002 -0.0195066 0.999769 1.17153
0.674779 -0.737967 -0.0087657 126.258 0.737999 0.674625 0.0154428 75.5017 -0.0054827 -0.0168895 0.999842 1.17353
0.671479 -0.740991 -0.00698662 126.811 0.741019 0.671412 0.00985901 76.0963 -0.00261454 -0.0117973 0.999927 1.16989
0.66664 -0.745359 -0.00556148 127.358 0.74538 0.666615 0.00574431 76.6859 -0.000574209 -0.0079748 0.999968 1.16364
0.661583 -0.749868 -0.00250283 127.904 0.749856 0.661544 0.00866516 77.291 -0.00484199 -0.00760949 0.999959 1.1587
0.656858 -0.754005 0.00365328 128.446 0.75389 0.65683 0.0149625 77.9056 -0.0136814 -0.00707409 0.999881 1.15797
0.653505 -0.756834 0.0115769 128.988 0.756588 0.653595 0.0197003 78.5203 -0.0224765 -0.00411524 0.999739 1.16139
0.650338 -0.759597 0.00849391 129.51 0.759183 0.650292 0.027575 79.145 -0.0264695 -0.0114847 0.999584 1.16372
0.647029 -0.762458 0.00331521 130.025 0.762155 0.646884 0.0257152 79.7633 -0.0217514 -0.0141118 0.999664 1.16184
0.641802 -0.766867 -0.00232575 130.533 0.766783 0.64168 0.0170475 80.3795 -0.0115808 -0.0127245 0.999852 1.15534
0.636788 -0.771031 -0.00365604 131.048 0.771024 0.636737 0.00939882 80.9914 -0.00491884 -0.00880395 0.999949 1.13956
0.631632 -0.775265 -0.00238205 131.564 0.775252 0.631595 0.00853822 81.6164 -0.00511489 -0.0072397 0.999961 1.12209
0.625585 -0.780135 -0.00563969 132.074 0.780105 0.625445 0.0159821 82.2561 -0.00894086 -0.0143977 0.999856 1.1182
0.619425 -0.784982 -0.0107686 132.579 0.785014 0.619193 0.0187637 82.9007 -0.00806135 -0.0200762 0.999766 1.12575
0.611647 -0.790969 -0.0159761 133.075 0.791127 0.611457 0.0154804 83.5466 -0.00247586 -0.0221077 0.999753 1.12762
0.604769 -0.796231 -0.0164353 133.577 0.796401 0.604651 0.0119505 84.1877 0.000422265 -0.0203164 0.999794 1.12028
0.598301 -0.801115 -0.0158089 134.075 0.80127 0.598161 0.0130043 84.8371 -0.000961743 -0.0204477 0.99979 1.10986
0.591972 -0.805822 -0.0148115 134.569 0.80592 0.591666 0.0205886 85.501 -0.00782725 -0.0241247 0.999678 1.10308
0.585459 -0.810574 -0.0143841 135.051 0.810587 0.584986 0.0271954 86.1742 -0.0136294 -0.0275813 0.999527 1.09968
0.579275 -0.815044 -0.0119648 135.529 0.814943 0.578763 0.0300314 86.851 -0.0175522 -0.0271471 0.999477 1.09906
0.57404 -0.818751 -0.0111549 136.002 0.818603 0.573512 0.0311866 87.5249 -0.0191366 -0.0270338 0.999451 1.09764
0.570412 -0.82128 -0.0113484 136.474 0.82116 0.569917 0.029825 88.1978 -0.018027 -0.0263314 0.999491 1.09389
0.566748 -0.823695 -0.0179687 136.934 0.823804 0.566239 0.0268245 88.8754 -0.0119206 -0.0300054 0.999479 1.09434
0.5638 -0.82548 -0.026702 137.39 0.825887 0.563242 0.025871 89.5558 -0.00631631 -0.0366389 0.999309 1.09101
0.561522 -0.826938 -0.0294335 137.841 0.827457 0.561046 0.0232704 90.2381 -0.0027296 -0.0374218 0.999296 1.08105
0.55894 -0.828737 -0.027945 138.293 0.829165 0.558246 0.0291214 90.9312 -0.00853376 -0.0394481 0.999185 1.06522
0.55712 -0.830057 -0.0249427 138.755 0.830239 0.556092 0.0382733 91.6307 -0.0178986 -0.0420312 0.998956 1.05457
0.554379 -0.831986 -0.021538 139.211 0.831852 0.553104 0.0457986 92.3356 -0.026191 -0.0433062 0.998718 1.04598
0.550436 -0.834614 -0.0209936 139.664 0.834527 0.549301 0.0428198 93.0302 -0.0242062 -0.0410892 0.998862 1.0453
0.546114 -0.837544 -0.0167311 140.117 0.837561 0.545528 0.0298439 93.7123 -0.0158683 -0.0303114 0.999415 1.03524
0.540354 -0.841288 -0.0158664 140.566 0.841394 0.540039 0.020314 94.3945 -0.00852149 -0.0243266 0.999668 1.02006
0.534517 -0.844957 -0.0184232 141.01 0.845099 0.534094 0.0234955 95.0897 -0.010013 -0.0281281 0.999554 0.99551
0.528255 -0.848963 -0.0144644 141.447 0.848954 0.527795 0.0266323 95.7946 -0.0149756 -0.0263483 0.999541 0.976572
0.521929 -0.852946 -0.00859364 141.886 0.85276 0.521529 0.028426 96.504 -0.019764 -0.0221647 0.999559 0.96626
0.51696 -0.856009 -0.000296134 142.329 0.855725 0.516779 0.0259549 97.2109 -0.0220646 -0.013671 0.999663 0.955775
0.51174 -0.859131 0.00403089 142.766 0.858834 0.511677 0.0243098 97.9277 -0.0229478 -0.00897842 0.999696 0.941952
0.506534 -0.862209 0.00424136 143.198 0.862041 0.506523 0.0178718 98.6459 -0.0175576 -0.00539645 0.999831 0.934924
0.500526 -0.865702 0.00573945 143.623 0.86569 0.500554 0.0052588 99.362 -0.00742546 0.00233641 0.99997 0.925196
0.494549 -0.869065 0.0121541 144.047 0.86915 0.494495 -0.00733257 100.076 0.000362338 0.01419 0.999899 0.906115
0.488947 -0.872196 0.0143234 144.47 0.872282 0.489004 0.000489938 100.806 -0.00743152 0.0122545 0.999897 0.887979
0.484198 -0.874875 0.0120987 144.882 0.874721 0.484343 0.016573 101.555 -0.0203592 0.00255833 0.999789 0.87945
0.479777 -0.877323 0.0109338 145.285 0.876904 0.479888 0.0273332 102.313 -0.0292271 -0.00352594 0.999567 0.876785
0.476318 -0.879212 0.0103522 145.685 0.878839 0.47642 0.0258161 103.06 -0.0276298 -0.00319875 0.999613 0.878733
0.474836 -0.880064 0.00415049 146.079 0.879906 0.474833 0.0172775 103.799 -0.0171761 -0.00455196 0.999842 0.872257
0.472514 -0.881267 -0.00997238 146.462 0.881294 0.472376 0.013436 104.545 -0.00712994 -0.0151373 0.99986 0.857816
0.470778 -0.882171 -0.0119553 146.851 0.882244 0.470676 0.0104341 105.293 -0.00357755 -0.0154597 0.999874 0.837059
0.468357 -0.883526 -0.00480714 147.25 0.883512 0.468292 0.0104458 106.048 -0.00697799 -0.00913952 0.999934 0.821625
0.46793 -0.883766 -0.000426438 147.658 0.883621 0.467844 0.0183311 106.806 -0.0160009 -0.00895446 0.999832 0.816822
0.468145 -0.883651 0.00103067 148.058 0.883369 0.468025 0.0247344 107.568 -0.022339 -0.0106689 0.999694 0.816622
0.466708 -0.88441 0.001432 148.452 0.884161 0.466614 0.0230248 108.331 -0.0210315 -0.00947974 0.999734 0.821004
0.464982 -0.885319 -0.00158716 148.848 0.885216 0.464899 0.0161551 109.085 -0.0135645 -0.00891679 0.999868 0.823628
0.46319 -0.886257 0.0016607 149.246 0.886257 0.463192 0.00141763 109.832 -0.00202561 0.000815174 0.999998 0.820363
0.461251 -0.887222 0.00919413 149.652 0.887263 0.461183 -0.00858834 110.578 0.00337958 0.012119 0.999921 0.809956
0.460148 -0.887785 0.0100835 150.054 0.887842 0.460131 -0.00409455 111.335 -0.00100464 0.0108366 0.999941 0.806457
0.45892 -0.88842 0.0100996 150.449 0.888417 0.458992 0.0064946 112.105 -0.0104056 0.00599215 0.999928 0.808402
0.457335 -0.889231 0.0106718 150.839 0.889147 0.457445 0.0126955 112.872 -0.016171 0.00368274 0.999862 0.820677
0.45652 -0.889649 0.0107018 151.224 0.889627 0.456611 0.00839398 113.624 -0.0123542 0.00568855 0.999907 0.832659
0.456528 -0.889679 0.00734032 151.608 0.889689 0.456558 0.00293701 114.368 -0.00596427 0.00518978 0.999969 0.833883
0.456336 -0.889807 0.000539306 151.99 0.889797 0.456334 0.00443392 115.116 -0.00419143 -0.00154349 0.99999 0.828631
0.45591 -0.890026 -0.000249171 152.369 0.889986 0.455887 0.0095805 115.873 -0.0084133 -0.00458961 0.999954 0.821882
0.455137 -0.890419 -0.00193889 152.747 0.890348 0.455071 0.013846 116.625 -0.0114464 -0.00802812 0.999902 0.826275
0.454811 -0.890582 -0.00324869 153.126 0.890472 0.454689 0.0178245 117.374 -0.014397 -0.0109996 0.999836 0.830143
0.454343 -0.890801 -0.00681376 153.5 0.890712 0.454148 0.0195141 118.121 -0.0142887 -0.0149352 0.999786 0.831185
0.453837 -0.891061 -0.00641902 153.873 0.891002 0.453686 0.0168648 118.864 -0.0121154 -0.0133732 0.999837 0.828994
0.452993 -0.891446 -0.0109976 154.24 0.891492 0.45286 0.012609 119.602 -0.00625988 -0.015516 0.99986 0.831501
0.451892 -0.891984 -0.0125562 154.604 0.892058 0.451758 0.0121378 120.335 -0.00515431 -0.0166858 0.999847 0.822592
0.454407 -0.890701 -0.0128984 154.968 0.890783 0.454281 0.0116399 121.063 -0.00450817 -0.0167789 0.999849 0.815483
0.457095 -0.88932 -0.0131985 155.292 0.88941 0.456976 0.0111262 121.697 -0.00386334 -0.0168246 0.999851 0.809143
0.459778 -0.887931 -0.013502 155.614 0.888028 0.459667 0.0106143 122.327 -0.00321832 -0.0168704 0.999852 0.802828
0.462457 -0.886534 -0.0138086 155.936 0.886638 0.462354 0.0101044 122.957 -0.00257346 -0.0169161 0.999854 0.796511
0.465131 -0.885129 -0.0141184 156.258 0.88524 0.465036 0.00959657 123.587 -0.00192865 -0.0169618 0.999854 0.790194
0.467801 -0.883716 -0.0144314 156.58 0.883833 0.467715 0.00909056 124.217 -0.00128368 -0.0170075 0.999855 0.783879
0.470467 -0.882294 -0.0147476 156.902 0.882417 0.470389 0.00858652 124.847 -0.000638714 -0.0170532 0.999854 0.777561
0.473128 -0.880865 -0.015067 157.224 0.880993 0.473059 0.00808447 125.477 6.27642e-06 -0.0170989 0.999854 0.771242
0.475785 -0.879427 -0.0153896 157.546 0.879561 0.475725 0.00758443 126.107 0.000651268 -0.0171446 0.999853 0.764923
0.478438 -0.877981 -0.0157153 157.868 0.87812 0.478387 0.00708641 126.737 0.00129627 -0.0171903 0.999851 0.758604
0.481086 -0.876527 -0.0160441 158.19 0.876671 0.481044 0.00659044 127.368 0.00194125 -0.017236 0.99985 0.752284
0.483728 -0.875065 -0.0163761 158.512 0.875214 0.483697 0.00609663 127.998 0.0025861 -0.0172817 0.999847 0.745963
0.486366 -0.873595 -0.0167111 158.834 0.873749 0.486345 0.0056049 128.628 0.00323094 -0.0173273 0.999845 0.739644
0.489 -0.872117 -0.0170492 159.156 0.872275 0.488988 0.00511523 129.258 0.0038758 -0.017373 0.999842 0.733324
0.491628 -0.870632 -0.0173904 159.478 0.870794 0.491627 0.0046278 129.888 0.00452048 -0.0174186 0.999838 0.727004
0.494251 -0.869139 -0.0177346 159.799 0.869304 0.49426 0.00414261 130.517 0.00516499 -0.0174642 0.999834 0.720684
0.500284 -0.865689 -0.0172896 160.124 0.865849 0.500284 0.00462128 131.145 0.00464912 -0.0172821 0.99984 0.713364
0.505455 -0.862776 -0.011522 160.444 0.862853 0.505395 0.00779032 131.723 -0.000898153 -0.0138794 0.999903 0.707484
0.510574 -0.859831 -0.0021278 160.773 0.8598 0.51053 0.0101454 132.283 -0.00763702 -0.00700946 0.999946 0.708956
0.515425 -0.856924 0.00432137 161.108 0.856885 0.515443 0.0081921 132.833 -0.00924742 -0.000519501 0.999957 0.72118
0.518523 -0.855051 0.00457474 161.436 0.854998 0.518542 0.00964936 133.379 -0.0106229 -0.00109202 0.999943 0.728987
0.519461 -0.854491 0.00233295 161.762 0.854422 0.51945 0.0116316 133.926 -0.0111509 -0.00404883 0.99993 0.732042
