0.477284 -0.878556 0.0184031 0.681433 0.878745 0.477243 -0.00686302 0.552625 -0.00275319 0.0194472 0.999807 0.791128
0.480911 -0.876573 0.0186936 1.08049 0.876768 0.480861 -0.00734406 1.1413 -0.00255143 0.0199217 0.999802 0.787927
0.460789 -0.887385 0.0153415 1.69256 0.887517 0.460746 -0.00634247 2.57954 -0.00144043 0.0165383 0.999873 0.805405
0.458701 -0.888456 0.0163342 2.13378 0.888603 0.458669 -0.00577159 3.44874 -0.00236431 0.0171618 0.99987 0.797004
0.454667 -0.890467 0.0197844 2.60882 0.890678 0.454645 -0.0056642 4.41923 -0.00395129 0.0201964 0.999817 0.784895
0.454468 -0.890581 0.0197234 3.0017 0.89079 0.454452 -0.0053515 5.24579 -0.00419759 0.0200008 0.99983 0.796047
0.452707 -0.891476 0.0204156 3.42246 0.891703 0.452671 -0.00633655 6.08941 -0.00359299 0.0210722 0.999823 0.802561
0.451939 -0.891866 0.0210548 3.86182 0.89211 0.451887 -0.00705624 6.89964 -0.00322161 0.0219708 0.999817 0.809238
0.451537 -0.891985 0.0249624 4.30235 0.892327 0.451468 -0.00825963 7.76221 -0.0039028 0.0260021 0.999731 0.827182
0.451937 -0.891844 0.0233204 4.71922 0.892124 0.451964 -0.00387327 8.61454 -0.00708595 0.022553 0.999811 0.816206
0.452049 -0.891767 0.0248097 5.16252 0.89206 0.452141 -0.00142707 9.49045 -0.00994496 0.0227743 0.999794 0.807738
0.453494 -0.891033 0.025528 5.5871 0.891306 0.453665 0.00177367 10.3357 -0.0131613 0.0219461 0.999787 0.80573
0.454903 -0.890263 0.0279735 6.01923 0.890596 0.4551 0.00158793 11.1748 -0.0141439 0.0241873 0.999734 0.794501
0.456509 -0.889449 0.0283841 6.44822 0.889811 0.456678 0.000316205 12.0109 -0.0132431 0.025108 0.999737 0.796512
0.457922 -0.888834 0.0255081 6.89147 0.889169 0.45796 -0.00361151 12.8792 -0.00847157 0.0243302 0.999821 0.795159
0.459575 -0.888072 0.0230968 7.30961 0.888371 0.459535 -0.00600716 13.7374 -0.00527933 0.0232742 0.999881 0.798941
0.461646 -0.887062 0.0216567 7.76826 0.887323 0.461633 -0.00422741 14.6171 -0.00624772 0.0211628 0.999937 0.802129
0.460381 -0.887682 0.0241585 8.24151 0.887977 0.46045 -0.0011644 15.4946 -0.0100898 0.0219823 0.999903 0.794504
0.460003 -0.887772 0.0286598 8.72252 0.888165 0.460152 0.000174941 16.3712 -0.0133423 0.0253669 0.999799 0.781943
0.459323 -0.887862 0.0365758 9.16079 0.888549 0.459455 -0.00381695 17.2262 -0.0134152 0.0342422 0.999548 0.786885
0.462454 -0.886234 0.0373616 9.61333 0.887001 0.462457 -0.00763737 18.1313 -0.0105092 0.0366594 0.999512 0.794904
0.458743 -0.888175 0.0377508 10.0964 0.888998 0.458599 -0.0113811 18.9884 -0.00720426 0.0387668 0.999479 0.796547
0.459077 -0.888413 0.027623 10.5504 0.88888 0.458995 -0.00728424 19.8791 -0.00620754 0.0278851 0.999867 0.796574
0.458874 -0.888514 0.0289649 10.9901 0.889029 0.45879 -0.00741126 20.7755 -0.00670404 0.0291375 0.999845 0.795406
0.457241 -0.889461 0.0268781 11.4777 0.889895 0.457249 -0.00314174 21.7013 -0.00949514 0.0253417 0.999945 0.796705
0.456007 -0.890087 0.0284709 11.9469 0.89057 0.456033 -0.00276423 22.6246 -0.0105227 0.026601 0.999922 0.790059
0.454913 -0.890661 0.0293072 12.4124 0.891155 0.454994 -0.000725993 23.5257 -0.0126868 0.0264317 0.999922 0.791
0.4545 -0.890866 0.0307483 12.8614 0.891368 0.454671 0.00218776 24.421 -0.0159272 0.026397 0.999898 0.785864
0.453931 -0.891187 0.0310861 13.2963 0.891668 0.454166 0.00471457 25.3038 -0.0183167 0.0255613 0.999901 0.7735
0.454678 -0.890646 0.0364629 13.7433 0.891346 0.454922 0.0019042 26.1358 -0.0182803 0.0316136 0.999751 0.759418
0.45272 -0.891094 0.0488834 14.1846 0.892441 0.452842 -0.00648118 26.8613 -0.0163582 0.0465271 0.999226 0.730833
0.456555 -0.889842 0.0349072 14.6843 0.89056 0.456691 -0.000118118 27.9643 -0.0158329 0.0311162 0.999858 0.745413
0.462616 -0.886713 0.0359761 15.548 0.887491 0.462741 -0.000782454 28.6784 -0.0159497 0.0322636 0.999849 0.715721
0.462412 -0.886801 0.0375282 16.015 0.887659 0.462536 -0.00124569 29.5878 -0.0162491 0.0338585 0.999822 0.720657
0.461701 -0.887081 0.0405786 16.5106 0.888079 0.461842 -0.00188391 30.467 -0.017065 0.036873 0.999734 0.710282
0.461057 -0.88751 0.0394729 16.9641 0.888506 0.461131 -0.00293838 31.3192 -0.0155896 0.0363912 0.999809 0.731071
0.45707 -0.889932 0.0315705 17.4687 0.890702 0.456997 -0.00379599 32.0415 -0.0110456 0.0298236 1.00012 0.734051
0.463001 -0.886902 0.0319028 17.8767 0.887723 0.462865 -0.00563778 33.064 -0.00976312 0.030897 1.00014 0.724521
0.463184 -0.886871 0.0316111 18.3592 0.887691 0.46308 -0.00404572 33.8903 -0.0110467 0.0298999 1.00019 0.725511
0.461414 -0.887679 0.0359853 18.7173 0.888625 0.461441 -0.00126316 34.8258 -0.0154788 0.0325207 1.00009 0.727574
0.45825 -0.889323 0.0370749 19.1321 0.890324 0.458303 -0.000563411 35.8061 -0.0164848 0.0332244 1.00009 0.712018
0.4609 -0.887834 0.0410375 19.5771 0.889052 0.460895 -0.00355412 36.5918 -0.0157529 0.0380716 0.999969 0.707199
0.458282 -0.889248 0.0409124 20.0564 0.890509 0.458217 -0.00464338 37.5703 -0.0146121 0.0385067 1.00001 0.721624
0.457943 -0.889219 0.0461893 20.5069 0.890763 0.457848 -0.00688684 38.4128 -0.0150181 0.0442324 0.999811 0.690928
0.459181 -0.888594 0.0470804 20.9061 0.890162 0.459211 -0.00402682 39.1902 -0.0180345 0.0436909 0.999826 0.727314
0.456191 -0.889843 0.0532398 21.3531 0.891668 0.456462 -0.00116598 40.0932 -0.023255 0.0479272 0.999566 0.709873
0.455339 -0.890765 0.0455956 21.816 0.892159 0.455649 0.00434987 40.9933 -0.0246389 0.0386331 0.999977 0.748222
0.454236 -0.891212 0.048956 22.2364 0.892847 0.454489 0.00137366 41.8363 -0.0234622 0.043011 0.99987 0.703297
0.453018 -0.89206 0.045846 22.6687 0.893715 0.452935 -0.00458416 42.6706 -0.0166654 0.0429713 1.00005 0.699242
0.453147 -0.892244 0.0421526 23.0724 0.893833 0.452821 -0.00873488 43.4671 -0.011285 0.0415562 1.00023 0.700646
0.452793 -0.892745 0.0363978 23.4878 0.894114 0.452502 -0.00570209 44.2924 -0.0113702 0.0350561 1.00052 0.684619
0.452036 -0.89331 0.0335401 23.8905 0.894581 0.4518 -0.00245171 45.1169 -0.0129531 0.031049 1.00068 0.685696
0.450803 -0.894006 0.0334527 24.2864 0.895279 0.450616 -0.000200387 45.9236 -0.0148839 0.0299765 1.00074 0.687623
0.449726 -0.894645 0.0328023 24.6674 0.89593 0.449523 0.000166992 46.6509 -0.014883 0.0292497 1.00081 0.689689
0.447176 -0.896039 0.0316003 25.0341 0.897311 0.446967 0.00121509 47.4235 -0.0152006 0.0277497 1.0009 0.690337
0.446532 -0.896424 0.031945 25.4046 0.897738 0.446321 0.00161898 48.1875 -0.0156959 0.0278909 1.00094 0.690893
0.44556 -0.896846 0.0356116 25.7779 0.89832 0.445364 0.000762395 48.9739 -0.0165299 0.0315753 1.00087 0.684312
0.444505 -0.897508 0.0340239 26.1431 0.898945 0.444312 0.00234341 49.6981 -0.0172054 0.0294716 1.00097 0.688021
0.443809 -0.897971 0.0329182 26.5034 0.899352 0.443672 0.00575016 50.4306 -0.0197513 0.0269855 1.00105 0.674942
0.442307 -0.898863 0.0307949 26.8519 0.900123 0.442229 0.0107182 51.1624 -0.0232327 0.0229207 1.00113 0.669685
0.44156 -0.899308 0.0307606 27.2009 0.900541 0.441522 0.0134122 51.854 -0.0256206 0.0217234 1.00115 0.658211
0.440295 -0.900086 0.028297 27.5192 0.901341 0.440149 0.0120145 52.5408 -0.0232459 0.0201631 1.00129 0.676195
0.439652 -0.90059 0.0244965 27.8367 0.901933 0.439288 0.00571216 53.1911 -0.0158847 0.0195311 1.00151 0.671965
0.439585 -0.900801 0.0206076 28.178 0.902169 0.439067 0.00127048 53.8715 -0.0101743 0.0179848 1.00167 0.677679
0.438708 -0.901352 0.0186812 28.4754 0.902733 0.438143 0.000702514 54.5051 -0.00880078 0.0165114 1.00176 0.669701
0.438093 -0.901787 0.0158851 28.7687 0.903129 0.437537 0.00471078 55.1549 -0.0111797 0.0122518 1.00186 0.67418
0.438327 -0.901752 0.0162697 29.0885 0.903119 0.437773 0.0062947 55.7844 -0.012779 0.0119046 1.0019 0.680247
0.436874 -0.902504 0.0181242 29.3537 0.903972 0.436287 0.00364575 56.3201 -0.0111788 0.0147504 1.00194 0.690452
0.438617 -0.901692 0.0206057 29.6696 0.903302 0.437916 -0.00276167 56.9006 -0.00651746 0.0197641 1.00195 0.699931
0.441878 -0.900197 0.0202678 30.0454 0.901863 0.441034 -0.008258 57.4405 -0.00149269 0.0218576 1.00198 0.709947
0.444666 -0.898928 0.0195828 30.3189 0.900625 0.443783 -0.00874181 57.952 -0.000821534 0.0214535 1.00205 0.71065
0.451309 -0.895639 0.0224534 30.4807 0.897446 0.450387 -0.00909393 58.4528 -0.00195788 0.0241715 1.00204 0.713731
0.457397 -0.892399 0.0305397 31.104 0.894488 0.456407 -0.0111897 58.8295 -0.00394324 0.0323158 1.00186 0.72058
0.463877 -0.889021 0.0338972 31.3708 0.891247 0.462993 -0.0076282 59.3335 -0.00890095 0.0336208 1.00184 0.725377
0.471642 -0.88484 0.0384497 31.6413 0.887264 0.470805 -0.00667481 59.812 -0.012183 0.0371155 1.00174 0.737279
0.481398 -0.879811 0.0352084 31.9058 0.882149 0.480537 -0.00521612 60.3131 -0.0123161 0.033435 1.00192 0.766857
0.493894 -0.873046 0.0333743 32.1347 0.875347 0.493019 -0.00363918 60.7631 -0.0132625 0.0308845 1.00205 0.759754
0.508718 -0.864854 0.0265602 32.4063 0.866946 0.507831 0.00126832 61.2784 -0.014569 0.0222916 1.00231 0.760106
0.528038 -0.853437 0.0232649 32.7612 0.855463 0.527086 0.00340802 61.9025 -0.0151542 0.0180318 1.00244 0.760619
0.550101 -0.839486 0.0254316 33.0332 0.841579 0.549116 0.00334739 62.3095 -0.0167564 0.0194813 1.00245 0.743674
0.573073 -0.824131 0.0259705 33.1634 0.826221 0.572067 0.0052648 62.7746 -0.019175 0.0183639 1.00248 0.7504
0.593348 -0.809806 0.0267442 32.9252 0.811886 0.592335 0.00757236 63.4128 -0.0219501 0.0171481 1.00251 0.736461
0.623239 -0.787272 0.0262895 33.1754 0.789331 0.622135 0.00809776 63.8829 -0.0227053 0.0156384 1.00257 0.727035
0.656045 -0.760375 0.0271623 33.4632 0.76243 0.654867 0.00828394 64.2061 -0.0240586 0.0152094 1.0026 0.725245
0.68978 -0.730166 0.0278216 33.7641 0.732205 0.68852 0.00842031 64.5152 -0.0252733 0.0144997 1.00264 0.717667
0.72573 -0.694782 0.0274478 34.0649 0.696775 0.724356 0.00849438 64.8071 -0.0257509 0.0129045 1.00271 0.721843
0.76215 -0.655 0.0270922 34.3958 0.656957 0.76065 0.0077653 65.0697 -0.0256591 0.011829 1.00278 0.716779
0.799378 -0.609422 0.027143 34.7012 0.611308 0.797769 0.00789853 65.2899 -0.0264303 0.0102355 1.00283 0.711068
0.835051 -0.560022 0.026837 35.0334 0.561832 0.833322 0.00771228 65.5022 -0.0266438 0.00860293 1.0029 0.705688
0.869373 -0.505628 0.0267564 35.3991 0.507366 0.867528 0.00688467 65.699 -0.0266519 0.00756035 1.00296 0.681023
0.900487 -0.448467 0.0266972 35.7678 0.450162 0.898524 0.0045812 65.8445 -0.0259995 0.0078605 1.00304 0.668073
0.927863 -0.389334 0.026782 36.1343 0.390914 0.925815 0.00480165 65.945 -0.0266198 0.00599209 1.00309 0.670491
0.950899 -0.329747 0.0278825 36.5213 0.33121 0.948804 0.00516898 66.0497 -0.0281122 0.0043064 1.00312 0.675487
0.970105 -0.26861 0.0305819 36.9084 0.26993 0.968021 0.00613405 66.1476 -0.0312006 0.00230085 1.0031 0.669787
0.985301 -0.206855 0.0320714 37.2677 0.208084 0.9832 0.00495938 66.2236 -0.0325035 0.0017853 1.00312 0.648338
0.996306 -0.146239 0.0321995 37.6531 0.147404 0.994157 0.00288429 66.2547 -0.0323746 0.00186969 1.00319 0.629941
1.00332 -0.0878409 0.0325918 38.0583 0.0889878 1.00114 -0.000427662 66.2409 -0.0325279 0.00331579 1.00324 0.646479
1.00685 -0.0310391 0.0324366 38.4215 0.0320134 1.00465 0.00107588 66.219 -0.0325567 -3.76556e-05 1.00331 0.651173
1.00723 0.0238516 0.0316767 38.8294 -0.0230752 1.00498 0.00356596 66.2134 -0.0316867 -0.00428736 1.00339 0.642914
1.00481 0.0760472 0.0309115 39.2232 -0.0753993 1.00253 0.00423604 66.1739 -0.0306045 -0.00653586 1.00348 0.628437
1.00027 0.123592 0.0286558 39.6274 -0.122872 0.997952 -0.00122068 66.1452 -0.0286797 -0.0022747 1.00362 0.578091
0.993955 0.167507 0.0296389 39.9849 -0.166531 0.991657 -0.0126533 66.0158 -0.0314246 0.00759689 1.00357 0.578256
0.987009 0.204813 0.0313536 40.3553 -0.203736 0.984766 -0.0173529 65.9233 -0.0343311 0.010669 1.00352 0.580144
0.979196 0.239949 0.0307928 40.7543 -0.239019 0.977004 -0.0149843 65.8317 -0.0335818 0.00726202 1.00364 0.595347
0.970769 0.27267 0.0288096 41.1344 -0.272082 0.968584 -0.00602199 65.7736 -0.0294626 -0.00197931 1.00386 0.609271
0.962203 0.302029 0.0270642 41.5415 -0.301637 0.959987 -0.00029828 65.6798 -0.0259979 -0.00782101 1.004 0.587243
0.954092 0.327153 0.0262099 41.9106 -0.326789 0.951902 -0.000145578 65.5479 -0.024923 -0.00836544 1.00409 0.571071
0.946235 0.349882 0.0212496 42.3206 -0.349412 0.944009 -0.00457012 65.3704 -0.0215829 -0.00307034 1.00426 0.549888
0.938967 0.369578 0.0144019 42.7157 -0.369065 0.936671 -0.00733333 65.1989 -0.0161293 0.00157591 1.00444 0.554533
0.931604 0.388235 0.00802241 43.0978 -0.387747 0.929284 -0.00737161 65.0206 -0.0102574 0.0037534 1.00458 0.523401
0.924542 0.405054 0.00741853 43.5094 -0.404585 0.922282 -0.00598778 64.8451 -0.00921206 0.0025381 1.00466 0.519615
0.918294 0.419177 0.0123852 43.9493 -0.418743 0.916152 -0.00241868 64.6296 -0.0123033 -0.00293172 1.0047 0.530517
0.912237 0.432367 0.0154421 44.3727 -0.431883 0.91021 -0.00607161 64.4171 -0.0166069 -0.00111578 1.00472 0.521174
0.906574 0.444367 0.0157459 44.8082 -0.443848 0.904619 -0.00781222 64.2054 -0.017635 9.73424e-05 1.00477 0.518441
0.900978 0.455873 0.0154247 45.2523 -0.455316 0.899083 -0.0095169 63.9575 -0.0181205 0.00154318 1.00484 0.510121
0.896787 0.464362 0.0141058 45.6947 -0.46376 0.894932 -0.011502 63.7048 -0.0178745 0.00374852 1.00491 0.507271
0.893031 0.471877 0.0114302 46.1671 -0.471194 0.891168 -0.0161126 63.419 -0.0176907 0.00894198 1.00496 0.497813
0.890471 0.476965 0.0107865 46.663 -0.476244 0.888655 -0.0173575 63.1608 -0.0177616 0.0102456 1.00502 0.482089
0.887944 0.481919 0.0106012 47.161 -0.481192 0.886204 -0.0165865 62.8835 -0.0172859 0.00955409 1.00512 0.475075
0.885065 0.487453 0.0101906 47.6696 -0.486721 0.883396 -0.0158922 62.5964 -0.0166479 0.00903332 1.00521 0.470229
0.883074 0.491263 0.0121471 48.2046 -0.490556 0.881536 -0.0121315 62.2971 -0.0165705 0.00470666 1.00533 0.454856
0.881553 0.4943 0.00976906 48.7691 -0.493513 0.880017 -0.0164937 61.9864 -0.0166437 0.00963583 1.00537 0.450469
0.87952 0.498008 0.0158622 49.3666 -0.497349 0.878194 -0.00611082 61.6242 -0.0168793 -0.00252156 1.0055 0.441656
0.878438 0.500239 0.0136534 49.9564 -0.499475 0.877147 -0.0107804 61.2805 -0.0172644 0.00260759 1.00557 0.428913
0.878388 0.500641 0.0115383 50.5565 -0.499795 0.877117 -0.0144564 60.9344 -0.0172459 0.0068582 1.00563 0.419431
0.879077 0.499715 0.0104837 51.1458 -0.498801 0.877841 -0.0171057 60.6152 -0.0176312 0.00971173 1.00569 0.412503
0.879863 0.49864 0.00794959 51.802 -0.497642 0.878599 -0.0218997 60.2438 -0.0177749 0.015176 1.0057 0.392772
0.880807 0.497265 0.00579509 52.5206 -0.496208 0.879517 -0.0255661 59.8497 -0.0176733 0.0194729 1.00571 0.383475
0.882886 0.493828 0.0060831 53.2121 -0.492733 0.881678 -0.0255837 59.468 -0.0178571 0.0194137 1.0058 0.372186
0.885487 0.489426 0.00583456 53.8918 -0.488258 0.884307 -0.0278556 59.0889 -0.0186428 0.0216186 1.00583 0.352534
0.887281 0.486466 0.00286519 54.5969 -0.485184 0.885911 -0.0360795 58.715 -0.0199191 0.0303578 1.00567 0.345298
0.890094 0.481519 0.00786433 55.28 -0.480142 0.889011 -0.0323872 58.323 -0.0224039 0.0248121 1.00586 0.323617
0.892024 0.478164 0.0105435 55.9925 -0.476755 0.891145 -0.02952 57.9498 -0.0233234 0.0210826 1.00602 0.315238
0.894166 0.474455 0.00940051 56.715 -0.473001 0.893308 -0.0309961 57.5746 -0.0229126 0.0230268 1.00608 0.306721
0.89576 0.47173 0.0091117 57.4473 -0.470356 0.895081 -0.0258955 57.211 -0.0201995 0.0186929 1.00632 0.304336
0.896915 0.46986 0.00686786 58.1575 -0.468608 0.896388 -0.0189739 56.8416 -0.0149382 0.013616 1.00658 0.287603
0.896854 0.470279 0.00645821 58.8876 -0.469053 0.896447 -0.0148594 56.4703 -0.0126624 0.0101348 1.00675 0.286632
0.892559 0.478597 0.0115803 59.7835 -0.477426 0.892327 -0.00632492 56.0801 -0.0132512 1.71015e-05 1.0069 0.261915
0.893539 0.477072 0.0111384 60.5023 -0.475834 0.893378 -0.00879935 55.6777 -0.0140292 0.00244381 1.00699 0.260946
0.896856 0.471169 0.00763523 61.1817 -0.469794 0.896664 -0.0177302 55.2297 -0.01506 0.0121266 1.00701 0.273118
0.897135 0.470865 0.0114533 61.9154 -0.469501 0.897125 -0.0125962 54.8922 -0.0160631 0.00577268 1.00716 0.264457
0.896977 0.47145 0.0124169 62.6508 -0.47008 0.897068 -0.0106022 54.4898 -0.0159949 0.00353459 1.00728 0.256936
0.894531 0.476415 0.0118329 63.3151 -0.474976 0.894672 -0.0128521 54.2275 -0.0165577 0.00571953 1.00737 0.248487
0.891535 0.482398 0.00849764 63.8818 -0.480844 0.891626 -0.0194966 53.9788 -0.0168172 0.0130849 1.00741 0.249963
0.888263 0.488788 0.00321637 64.3005 -0.48715 0.888179 -0.0281588 53.5065 -0.0164453 0.0231605 1.00735 0.259291
0.884917 0.495083 0.00861774 65.1298 -0.493432 0.885126 -0.0209128 53.1244 -0.0178017 0.0140235 1.00762 0.245098
0.890713 0.484937 0.00369068 69.2954 -0.483437 0.891048 -0.0116774 52.4903 -0.00885526 0.00843007 1.00792 0.0702699
0.889365 0.487756 0.000240854 70.3599 -0.486177 0.889599 -0.0215851 51.9186 -0.0106182 0.018814 1.00789 0.0658143
0.88267 0.500134 -0.0010387 71.6335 -0.498521 0.8829 -0.0236236 51.2104 -0.0107684 0.0210811 1.00797 0.0235126
0.87699 0.510378 -0.000520991 72.3799 -0.508717 0.877271 -0.0240503 50.727 -0.011678 0.0210605 1.00809 0.0623171
0.86549 0.530018 -0.000505354 73.3401 -0.528317 0.86581 -0.0239243 50.056 -0.0120977 0.0206722 1.00822 0.0481259
0.860318 0.538702 -0.00035503 74.0554 -0.536963 0.860681 -0.0245379 49.6186 -0.0127592 0.0209902 1.00833 0.0646925
0.853437 0.549871 0.00118999 74.7957 -0.548092 0.853896 -0.0230941 49.1462 -0.0135532 0.0187549 1.00849 0.0627304
0.84654 0.56076 2.78878e-05 75.4502 -0.558943 0.846979 -0.0256622 48.705 -0.0142404 0.0213796 1.00856 0.0633863
0.840208 0.570525 -0.000251006 76.2038 -0.568692 0.840694 -0.0255291 48.2185 -0.0141788 0.0212574 1.00869 0.0799907
0.833944 0.579962 -0.000320928 76.8684 -0.578103 0.834467 -0.0258663 47.7768 -0.0145519 0.0214129 1.00881 0.0853461
0.827102 0.589995 -0.00145782 77.5577 -0.588127 0.827633 -0.0267318 47.3233 -0.0143816 0.0226074 1.00892 0.0893591
0.821965 0.597437 -0.00194344 78.2096 -0.595565 0.822541 -0.026539 46.8288 -0.0140742 0.0226045 1.00906 0.0837188
0.81649 0.605202 -0.00186347 78.8239 -0.603326 0.817139 -0.0253761 46.3838 -0.0136555 0.0214781 1.00922 0.0763829
0.810843 0.613052 -0.00124408 79.3886 -0.611157 0.811562 -0.0245551 45.9383 -0.0138607 0.020307 1.00938 0.0734771
0.80536 0.620534 -0.00196424 79.9782 -0.618632 0.806108 -0.0249491 45.4827 -0.013714 0.0209327 1.0095 0.075571
0.80002 0.6277 -0.000966065 80.5821 -0.625773 0.800843 -0.0242105 45.0068 -0.0142313 0.0196011 1.00966 0.0765724
0.794921 0.634434 -0.000619483 81.1901 -0.632478 0.795787 -0.024765 44.5168 -0.0150148 0.0196976 1.00978 0.0720935
0.791805 0.638598 -0.000317026 81.7754 -0.636609 0.792703 -0.0259568 44.0521 -0.0161042 0.0203611 1.00988 0.0732631
0.789084 0.64223 -0.001858 82.3348 -0.640141 0.789839 -0.0331998 43.5854 -0.0195837 0.0269298 1.0098 0.0626226
0.787514 0.644426 -0.00209357 82.8882 -0.642298 0.788262 -0.0352512 43.1374 -0.0207759 0.0286249 1.00987 0.057631
0.78635 0.646117 -0.00176308 83.4357 -0.643962 0.78714 -0.0359201 42.6792 -0.0215164 0.0288888 1.00998 0.0484826
0.78546 0.647463 0.00261715 83.9985 -0.645332 0.786554 -0.0294818 42.2439 -0.0208508 0.0210341 1.01032 0.0443586
0.784223 0.649227 0.00340955 84.5198 -0.647166 0.78547 -0.0249502 41.8157 -0.0186075 0.0169554 1.01057 0.0399501
0.785554 0.647885 -0.000232936 84.9566 -0.64588 0.786777 -0.0258055 41.3804 -0.0162926 0.0199858 1.01069 0.0428844
0.788291 0.644803 -0.00210593 85.5012 -0.642784 0.789456 -0.0296215 40.9879 -0.0171776 0.024223 1.01072 0.0605794
0.789794 0.643205 -0.00536775 85.9769 -0.641218 0.790863 -0.0331817 40.4642 -0.016837 0.029116 1.01073 0.0476941
0.787149 0.646711 -0.00735894 86.2381 -0.644722 0.788127 -0.0363881 39.8461 -0.0174592 0.0328119 1.01074 0.0202122
0.794362 0.638041 -0.00925541 86.7231 -0.636113 0.795309 -0.0382574 39.4565 -0.0167803 0.0356664 1.0108 0.0260878
0.796191 0.635957 -0.0132907 87.3422 -0.634177 0.797106 -0.0388453 38.8967 -0.0138783 0.0387076 1.01087 0.0129027
0.807528 0.621754 -0.0115425 87.5567 -0.620003 0.808669 -0.035326 38.4283 -0.0124176 0.0350568 1.01116 0.0104721
0.815489 0.611573 -0.00902502 86.6805 -0.609797 0.816783 -0.0335143 36.9129 -0.012904 0.0322236 1.01139 -0.0686631
0.832418 0.588507 -0.0102035 87.1373 -0.586862 0.833834 -0.0318835 36.5255 -0.010074 0.0319115 1.01157 -0.0545536
0.850786 0.561797 -0.0116739 87.6891 -0.560284 0.852276 -0.0319004 36.1108 -0.00782222 0.0330437 1.0117 -0.071273
0.867185 0.536298 -0.0142154 88.1762 -0.53494 0.868659 -0.034302 35.8636 -0.00592476 0.0366676 1.01174 -0.0823571
0.889659 0.498382 -0.0114009 88.705 -0.497038 0.89121 -0.035563 35.6208 -0.0074174 0.0366118 1.01188 -0.0573972
0.911371 0.457774 -0.00596334 89.1822 -0.456376 0.913073 -0.0353316 35.3688 -0.0105347 0.0342402 1.01209 -0.0823251
0.933531 0.410947 -0.000934889 89.6761 -0.40956 0.935444 -0.0333423 35.2062 -0.0126001 0.0308514 1.01232 -0.0947216
0.953625 0.362143 0.000780979 90.1801 -0.360869 0.955675 -0.0322009 35.044 -0.012185 0.0297699 1.01251 -0.0723615
0.972877 0.306991 0.00341834 90.6905 -0.305838 0.975099 -0.0299913 34.9251 -0.012314 0.0274911 1.01272 -0.0771169
0.990089 0.246357 6.33494e-05 91.2045 -0.245463 0.99228 -0.0324163 34.8339 -0.00789142 0.031389 1.0128 -0.0669181
1.0041 0.181675 -0.00216649 91.7178 -0.181054 1.00635 -0.0324375 34.8021 -0.00362416 0.0322539 1.01295 -0.0401807
1.01422 0.113188 -0.00779743 92.1953 -0.112977 1.01645 -0.0351645 34.7961 0.00390987 0.0357897 1.01299 -0.0231548
1.01971 0.0432415 -0.0128051 92.716 -0.043417 1.02211 -0.0336222 34.8019 0.01147 0.0340942 1.01314 -0.00833617
1.02039 -0.028544 -0.0153931 93.1932 0.0280834 1.02294 -0.031929 34.8609 0.0164052 0.0314212 1.01331 -0.0140263
1.01606 -0.100146 -0.0169736 93.6859 0.099415 1.0187 -0.0321266 34.9463 0.0201853 0.0302336 1.01344 -0.0108702
1.00686 -0.170776 -0.0170815 94.1596 0.169792 1.0095 -0.0337545 35.0507 0.0226357 0.0303545 1.01354 -0.00716986
0.993078 -0.239595 -0.0135977 94.6268 0.238459 0.995621 -0.0358101 35.1992 0.021753 0.031566 1.01367 0.0181361
0.97442 -0.307997 -0.00842954 95.0697 0.306827 0.97692 -0.0343995 35.3726 0.0185138 0.0301862 1.01393 0.019099
0.952356 -0.371623 -0.00306128 95.5151 0.370449 0.954841 -0.0316902 35.5682 0.0144488 0.0283123 1.01421 0.0353696
0.927492 -0.430757 0.00216149 95.9222 0.429571 0.929965 -0.0287976 35.7692 0.0102136 0.0269121 1.01445 0.0403846
0.901524 -0.483459 0.00565112 96.3049 0.482231 0.904031 -0.0246193 36.0072 0.00667176 0.0242183 1.0147 0.0656977
0.87575 -0.529387 0.00537811 96.6802 0.528034 0.878277 -0.0216805 36.2636 0.00662912 0.0211559 1.01493 0.0961217
0.852349 -0.566917 0.0036796 97.0527 0.565451 0.854915 -0.0179395 36.5537 0.00689087 0.0167498 1.01516 0.100956
0.830258 -0.59938 0.00179131 97.4338 0.597818 0.832838 -0.0151694 36.8671 0.00745251 0.0130859 1.01537 0.117236
0.810637 -0.626184 -0.00088714 97.7997 0.624532 0.813213 -0.0142007 37.1915 0.00942525 0.0104099 1.01554 0.0911968
0.795624 -0.645628 0.00152767 98.1936 0.643928 0.798109 -0.017694 37.5061 0.0100035 0.0144607 1.01565 0.108853
0.784911 -0.659044 0.00293209 98.5703 0.657333 0.787352 -0.0186189 37.7975 0.0097628 0.0159189 1.01579 0.126678
0.776328 -0.669559 0.00132055 98.962 0.667827 0.778797 -0.0168657 38.1341 0.0100549 0.0133825 1.01599 0.143459
0.770147 -0.677062 -0.00109114 99.3221 0.675327 0.772663 -0.0141021 38.4935 0.0101746 0.00957919 1.01619 0.144339
0.766188 -0.681904 -0.00552513 99.7062 0.680187 0.768773 -0.0100967 38.8668 0.0108959 0.00351395 1.01638 0.167211
0.764248 -0.684379 -0.011165 100.11 0.682668 0.766907 -0.00996779 39.2655 0.0150605 -0.000411658 1.0165 0.182597
0.764129 -0.684771 -0.0161658 100.5 0.683087 0.766879 -0.0101092 39.6463 0.0189132 -0.0036763 1.01659 0.171139
0.766257 -0.682715 -0.0170225 100.916 0.680978 0.769047 -0.0141812 40.0094 0.0222942 -0.00111458 1.01669 0.18339
0.768855 -0.680097 -0.0183524 101.364 0.678232 0.771686 -0.0205626 40.3861 0.0275574 0.0029217 1.01671 0.204352
0.771796 -0.67692 -0.0239544 101.814 0.67508 0.774807 -0.0204737 40.7802 0.0317339 -0.000754303 1.01675 0.216292
0.775266 -0.673144 -0.0275831 102.261 0.671501 0.778388 -0.0154798 41.1978 0.0312018 -0.00681626 1.01691 0.23773
0.778919 -0.669241 -0.0280298 102.73 0.667777 0.782029 -0.010417 41.6169 0.0282502 -0.0108374 1.01712 0.250472
0.781825 -0.666501 -0.0198604 103.229 0.664907 0.784766 -0.0143696 42.0542 0.0245928 -0.00232693 1.01742 0.277076
0.785251 -0.662924 -0.0159982 103.724 0.661455 0.788114 -0.00922809 42.4652 0.0182776 -0.003673 1.01771 0.296996
0.786957 -0.661369 -0.0111089 104.229 0.659932 0.789756 -0.00769763 42.8936 0.0135108 -0.0016413 1.01795 0.298754
0.790246 -0.657831 -0.00887224 104.718 0.656387 0.793036 -0.0103073 43.3255 0.0134614 0.00190239 1.01811 0.304804
0.790663 -0.657746 -0.00590285 105.265 0.656253 0.793399 -0.0159933 43.7553 0.0148182 0.00825668 1.01822 0.328505
0.790771 -0.65799 -0.00683194 105.799 0.656328 0.793428 -0.0255662 44.2236 0.0217098 0.0151157 1.01818 0.359141
0.790331 -0.658807 -0.0130139 106.341 0.657022 0.793127 -0.0276224 44.6654 0.0278437 0.0127026 1.01823 0.377335
0.788612 -0.661081 -0.0198479 106.858 0.659296 0.791642 -0.0256381 45.147 0.0318826 0.00665199 1.01833 0.394756
0.787206 -0.663183 -0.0185333 107.43 0.661545 0.790237 -0.0210622 45.6277 0.0279087 0.00387997 1.01862 0.412432
0.786812 -0.664208 -0.0109265 107.954 0.662656 0.789686 -0.0196837 46.168 0.0211402 0.00773979 1.01892 0.431553
0.784386 -0.667555 0.0023041 108.526 0.666092 0.786969 -0.0250316 46.6294 0.0144856 0.0204482 1.01902 0.432315
0.783162 -0.669169 0.0165972 109.128 0.667874 0.784926 -0.0444407 47.1146 0.0162746 0.0447638 1.01839 0.461902
0.781694 -0.671445 0.00571515 109.747 0.669866 0.783927 -0.0376944 47.6418 0.0202854 0.0323654 1.01894 0.491432
0.774097 -0.680624 0.00214294 110.481 0.678807 0.776288 -0.0419041 48.1629 0.0261721 0.0329507 1.01895 0.5195
0.771343 -0.684124 0.00111418 111.117 0.682233 0.773532 -0.0433924 48.7228 0.0280856 0.0332761 1.01904 0.519184
0.767344 -0.68899 0.000957772 111.766 0.687099 0.769573 -0.0429009 49.3239 0.0280726 0.0326255 1.01922 0.53332
0.765525 -0.691378 0.00238383 112.37 0.689527 0.767724 -0.0432826 49.9112 0.0273537 0.0337955 1.01936 0.558221
0.762866 -0.694679 0.00321938 113.016 0.692984 0.765229 -0.038076 50.4785 0.0233275 0.0303425 1.01972 0.576698
0.761688 -0.696331 0.00389517 113.648 0.694685 0.764087 -0.0371236 51.0394 0.0222317 0.0300432 1.01991 0.599778
0.760395 -0.698014 0.0118322 114.327 0.696518 0.762434 -0.0433886 51.6296 0.0206623 0.0401069 1.01976 0.62721
0.761152 -0.697531 0.0120711 114.935 0.696096 0.763281 -0.0416797 52.2218 0.0192814 0.039007 1.01998 0.65553
0.76193 -0.697086 0.0080439 115.55 0.695574 0.764255 -0.0391721 52.8048 0.0205385 0.0343946 1.02027 0.682393
0.763164 -0.696123 0.00203721 116.16 0.69453 0.765762 -0.0353146 53.3998 0.0223437 0.0274376 1.02059 0.717401
0.767114 -0.692101 -0.00195136 116.728 0.690442 0.769841 -0.0352128 54.0266 0.0251144 0.0247816 1.02075 0.742592
0.7657 -0.69399 -0.0075948 117.413 0.692458 0.768773 -0.025497 54.5853 0.0228086 0.013578 1.02117 0.766477
0.771926 -0.687051 -0.0221588 117.585 0.685912 0.775394 -0.00794548 55.3436 0.0219017 -0.00932979 1.0214 0.761429
0.769668 -0.690097 -0.0173013 118.216 0.688827 0.773089 -0.0127727 55.8581 0.0214622 -0.00247396 1.0216 0.833899
0.724348 -0.738131 -0.0177857 119.873 0.736408 0.727743 -0.023621 53.205 0.0294499 0.00352596 1.02156 0.556596
0.739078 -0.723592 -0.0200267 121.192 0.722077 0.7426 -0.0183262 54.4067 0.0272424 -0.00131258 1.02179 0.592051
0.754637 -0.707749 -0.015264 122.207 0.706158 0.758073 -0.0241771 55.66 0.0277799 0.00691632 1.02191 0.685893
0.759578 -0.702787 -0.0156327 123.108 0.701215 0.763069 -0.0241631 56.4787 0.0279919 0.00684367 1.02206 0.754234
0.763932 -0.698364 -0.0176347 124.207 0.696854 0.767532 -0.0221892 57.4228 0.028096 0.00416586 1.02224 0.748601
0.764243 -0.698456 -0.0160509 124.871 0.697131 0.767855 -0.0147034 58.0391 0.0218063 -0.000368597 1.02256 0.784243
0.764874 -0.698187 -0.0147254 125.533 0.696936 0.768494 -0.0109197 58.6801 0.0182352 -0.00229137 1.02279 0.805004
0.765659 -0.697629 -0.0183983 126.196 0.696327 0.769398 -0.0139354 59.2866 0.0230381 -0.00250754 1.02287 0.853649
0.766001 -0.6975 -0.0232269 126.859 0.695849 0.76991 -0.0261195 59.878 0.0349445 0.0033831 1.0227 0.903668
0.765858 -0.69798 -0.0253671 127.487 0.695992 0.769839 -0.034595 60.4571 0.0423149 0.0082916 1.02256 0.950231
0.765738 -0.69869 -0.0200351 128.141 0.696897 0.769592 -0.0304665 61.0599 0.0355139 0.00879753 1.02298 0.995301
0.765 -0.700175 -0.00597007 128.817 0.698792 0.768638 -0.0188615 61.6723 0.0170937 0.00964064 1.02361 0.999979
0.764926 -0.700677 0.00303336 129.462 0.699415 0.768513 -0.0169171 62.3003 0.00904298 0.0143352 1.02382 0.996729
0.764347 -0.701715 0.00229422 130.095 0.700443 0.768 -0.0155752 62.8791 0.00869202 0.0128129 1.02401 1.0595
0.763696 -0.702711 -0.0125124 130.712 0.701258 0.767588 -0.0183735 63.4833 0.0216621 0.00474449 1.02406 1.12668
0.762909 -0.703788 -0.0200685 131.337 0.702195 0.767021 -0.0222974 64.0544 0.0299861 0.002468 1.02404 1.12331
0.761561 -0.705644 -0.0203559 131.975 0.703905 0.765712 -0.0263891 64.6987 0.0330159 0.00526545 1.0241 1.14096
0.778811 -0.687096 -0.00787903 130.081 0.685395 0.782585 -0.0328148 66.7205 0.0276839 0.0193475 1.02426 1.15846
0.799486 -0.663123 -0.0117135 131.134 0.661434 0.803428 -0.0336722 66.8325 0.0306135 0.0183844 1.02437 1.26513
0.8049 -0.65688 -0.013971 131.848 0.655003 0.808884 -0.0384495 67.403 0.0352877 0.0209575 1.02434 1.34899
0.801767 -0.661142 -0.0145252 132.497 0.659249 0.805851 -0.0372476 68.0237 0.0350509 0.0194744 1.02456 1.40496
0.771894 -0.696534 -0.00894047 132.702 0.694543 0.775854 -0.0366824 69.0313 0.0313054 0.0212418 1.02482 1.44461
0.768222 -0.701004 -0.00977986 133.374 0.699002 0.772318 -0.0346716 69.6483 0.0306774 0.0189779 1.02506 1.47492
0.769014 -0.700565 -0.00760305 134.049 0.698663 0.773183 -0.0315102 70.2054 0.0268718 0.0181055 1.02535 1.4766
0.767783 -0.702342 -0.00669951 134.653 0.700403 0.771998 -0.0318927 70.7936 0.0264909 0.0189562 1.02553 1.50076
0.766253 -0.704439 -0.0054992 135.26 0.702333 0.7704 -0.0373113 71.3755 0.0293495 0.0237842 1.02553 1.54279
0.76291 -0.708504 -0.00366588 135.899 0.706193 0.766909 -0.0437642 71.9477 0.0325478 0.0297244 1.02546 1.58659
0.757671 -0.714554 -0.00366645 136.525 0.712126 0.761704 -0.0451538 72.5062 0.0337371 0.0305018 1.02558 1.63049
0.753445 -0.719458 -0.00156344 137.133 0.717106 0.757562 -0.0426521 73.1022 0.0306315 0.0299133 1.02587 1.65183
0.748452 -0.725095 0.00356831 137.737 0.722942 0.75264 -0.0381061 73.6773 0.0239042 0.0299744 1.02622 1.65053
0.744932 -0.729137 0.00556945 138.345 0.727134 0.749366 -0.030383 74.2867 0.0171345 0.0256311 1.02665 1.65957
0.740643 -0.733954 0.00285839 138.97 0.731915 0.745316 -0.0249419 74.8923 0.0153667 0.019637 1.02699 1.67676
0.737722 -0.737325 0.00252967 139.559 0.735207 0.742456 -0.026164 75.5072 0.0165595 0.0202175 1.02714 1.73078
0.73231 -0.743157 -0.00142665 140.226 0.740702 0.737016 -0.0348972 76.142 0.0258293 0.0234949 1.02706 1.80345
0.778295 -0.694767 -0.00783927 141.796 0.692216 0.783138 -0.0438618 75.3142 0.035148 0.0276262 1.02687 1.78551
0.772387 -0.70182 -0.00839678 142.651 0.699201 0.777363 -0.0427072 75.9771 0.0350198 0.0260576 1.02709 1.86313
0.75177 -0.724321 -0.0178011 145.112 0.721557 0.757274 -0.035933 76.993 0.0378863 0.0134005 1.02741 1.87266
0.752198 -0.724164 -0.0224863 146.036 0.721485 0.75802 -0.0312469 77.8838 0.0380144 0.00666499 1.02766 1.90978
0.762408 -0.713355 -0.0319215 147.241 0.710187 0.768687 -0.0414665 79.5962 0.0519713 0.00832341 1.02723 1.85985
0.755737 -0.720993 -0.0304193 147.92 0.717603 0.762009 -0.0441381 80.2553 0.0528094 0.0108497 1.02735 1.94405
0.747137 -0.730443 -0.0301285 148.743 0.726996 0.753495 -0.0430997 81.0713 0.0519907 0.00964448 1.02759 2.01795
0.74142 -0.736861 -0.0272327 149.392 0.733616 0.747782 -0.0373829 81.7325 0.045899 0.00712739 1.02808 2.0753
0.718686 -0.760054 -0.0162213 150.148 0.756547 0.724593 -0.0412415 82.9459 0.0412536 0.0165245 1.02836 2.07917
0.715007 -0.763932 -0.0183086 150.725 0.760471 0.721146 -0.0374627 83.5776 0.0399904 0.0121165 1.02866 2.14902
0.715474 -0.763858 -0.0204723 151.307 0.760542 0.721856 -0.0319171 84.2712 0.0373868 0.00664016 1.02899 2.2207
0.711968 -0.767595 -0.0203843 151.919 0.764202 0.718446 -0.0319572 84.9374 0.0373861 0.00655161 1.02918 2.2585
0.708475 -0.771117 -0.0257571 152.597 0.767479 0.715248 -0.0355147 85.6958 0.0437657 0.00482872 1.02913 2.29829
0.705248 -0.774251 -0.0329218 153.17 0.770492 0.712448 -0.0362694 86.3636 0.0492583 -0.000214697 1.02909 2.34812
0.703563 -0.776109 -0.0355605 153.769 0.772208 0.711003 -0.0379271 87.0678 0.0523027 -0.00116857 1.02913 2.37062
0.700992 -0.778934 -0.0346638 154.355 0.775287 0.708474 -0.0311393 87.7093 0.0465742 -0.00534986 1.02958 2.45725
0.699261 -0.781137 -0.0301354 154.958 0.777663 0.706627 -0.0247123 88.411 0.0386313 -0.00644886 1.03008 2.47934
0.696496 -0.784179 -0.0272871 155.55 0.780826 0.70382 -0.0183602 89.073 0.0318671 -0.00876951 1.03049 2.51492
0.693364 -0.787511 -0.0245788 156.127 0.783898 0.700736 -0.0235033 89.7506 0.0339194 -0.00334008 1.03064 2.54456
0.689719 -0.79123 -0.0230622 156.705 0.787077 0.697124 -0.035865 90.3871 0.0423307 0.00601831 1.03051 2.60092
0.683128 -0.797268 -0.0281938 157.239 0.792866 0.690841 -0.0386005 91.0091 0.0478857 0.00352709 1.03048 2.64749
0.67813 -0.801897 -0.0312356 157.793 0.797555 0.686089 -0.0352299 91.68 0.0472996 -0.00138919 1.03071 2.69521
0.672338 -0.807426 -0.0268741 158.347 0.803136 0.680204 -0.0315523 92.3516 0.0415795 -0.000766787 1.03115 2.73126
0.666127 -0.813312 -0.0184116 158.909 0.808817 0.673751 -0.0347045 93.0349 0.0385807 0.00761562 1.03144 2.78982
0.661837 -0.817443 -0.00998914 159.452 0.812828 0.669223 -0.0380949 93.7115 0.0358937 0.0162592 1.03163 2.79641
0.65711 -0.821792 -0.00373638 159.998 0.817057 0.664309 -0.0421133 94.411 0.0351951 0.0235967 1.03172 2.8375
0.651176 -0.827009 0.00339796 160.446 0.821948 0.657886 -0.0535209 95.2592 0.0399649 0.0363117 1.0314 2.9125
0.645372 -0.832059 -0.000850973 161.177 0.826286 0.652017 -0.0634943 95.7555 0.0508674 0.0389006 1.03104 2.95024
0.607748 -0.860683 0.0160252 160.957 0.854362 0.612732 -0.0799479 95.81 0.0563002 0.0603699 1.02998 3.0419
0.603807 -0.863876 0.0187102 161.859 0.857683 0.608864 -0.078405 97.2451 0.0537328 0.0614167 1.03026 3.16608
0.627985 -0.846749 0.00880919 162.643 0.841326 0.634873 -0.0553372 98.0522 0.039164 0.0406337 1.03211 3.12842
0.621192 -0.852325 0.00409536 163.203 0.846955 0.628704 -0.0452383 98.7068 0.0340411 0.0302682 1.03285 3.14521
0.620116 -0.853567 0.00541198 163.728 0.848154 0.627718 -0.0453116 99.4406 0.033354 0.0313447 1.03305 3.18542
0.618567 -0.855182 0.000853273 164.252 0.849301 0.626261 -0.0521116 100.179 0.0417292 0.0316285 1.03297 3.27352
0.617413 -0.856396 -0.0121228 164.737 0.849972 0.625757 -0.0549591 100.917 0.0518545 0.0225584 1.03297 3.30595
0.615121 -0.858506 -0.0142435 165.252 0.851784 0.623643 -0.0580323 101.608 0.0557099 0.0225037 1.033 3.32877
0.614107 -0.859814 -0.00683278 165.766 0.853211 0.622391 -0.057632 102.342 0.051013 0.0283236 1.03332 3.38682
0.614041 -0.860365 -0.000247305 166.301 0.854097 0.622308 -0.0527515 103.072 0.0430831 0.0308317 1.03382 3.43398
0.613879 -0.860956 0.0013335 166.819 0.854881 0.62239 -0.0470598 103.849 0.0374508 0.0286988 1.03432 3.47486
0.612803 -0.862212 -0.000669238 167.326 0.856034 0.621551 -0.0461629 104.616 0.0379313 0.0264352 1.03458 3.50943
0.611112 -0.863888 -0.00638872 167.839 0.857255 0.620091 -0.0517055 105.285 0.0459504 0.0249057 1.03452 3.55365
0.609277 -0.865683 -0.007223 168.361 0.858257 0.618064 -0.0651997 105.968 0.0576964 0.0321631 1.03398 3.58726
0.60772 -0.867315 -0.00118892 168.881 0.859397 0.61591 -0.0757327 106.699 0.0629817 0.043356 1.03352 3.65327
0.607189 -0.868173 -0.00291875 169.41 0.860531 0.615913 -0.0684749 107.469 0.0579824 0.0375296 1.03425 3.72226
0.605896 -0.869589 -0.00015241 169.907 0.862493 0.61499 -0.0577755 108.232 0.0475121 0.0333819 1.03514 3.76407
0.604748 -0.870895 -0.000765143 170.343 0.863895 0.614159 -0.0530832 109.014 0.0440014 0.0300067 1.03562 3.82206
0.604129 -0.871788 0.00839514 170.839 0.864599 0.612949 -0.0626678 109.776 0.046701 0.0433286 1.03528 3.8958
0.605694 -0.871061 0.0160948 170.632 0.863394 0.6135 -0.0787274 111.025 0.0555443 0.0593857 1.03433 4.03262
0.604924 -0.872223 0.00840423 171.16 0.864343 0.613579 -0.0734377 111.823 0.0556534 0.0497236 1.03505 4.06862
0.602903 -0.874168 0.00721282 171.732 0.866261 0.611897 -0.0707263 112.699 0.0541948 0.0469673 1.03548 4.11151
0.591559 -0.882506 0.0140879 173.008 0.874693 0.600336 -0.0699891 112.889 0.0502764 0.0516341 1.0357 4.11831
0.588427 -0.884944 0.0241827 173.909 0.877195 0.596461 -0.0769863 113.593 0.0506884 0.0640629 1.03526 4.17457
0.587698 -0.886052 0.0208503 174.406 0.878119 0.596211 -0.0743448 114.371 0.0503874 0.059636 1.03577 4.22314
0.587066 -0.887109 0.0159284 174.988 0.878833 0.596026 -0.0735806 115.13 0.05256 0.0549392 1.03616 4.26065
0.587001 -0.887759 0.0106001 175.43 0.878945 0.596251 -0.0766074 115.844 0.0581368 0.05211 1.03626 4.32828
0.585276 -0.889488 0.00732032 175.906 0.880577 0.595027 -0.0731962 116.585 0.057186 0.0472133 1.03678 4.38858
0.583738 -0.891032 0.00953518 176.341 0.882473 0.593857 -0.0657544 117.295 0.0497012 0.0447276 1.0375 4.41527
0.582469 -0.892331 0.0153538 176.812 0.884093 0.592673 -0.0614324 118.028 0.0428359 0.047158 1.03795 4.44629
0.582189 -0.892867 0.0234695 177.336 0.884912 0.59224 -0.0613748 118.701 0.0382727 0.0540608 1.03805 4.50219
0.581715 -0.893843 0.0183649 177.782 0.885386 0.591962 -0.0647134 119.319 0.0440028 0.0515413 1.0382 4.55889
0.562034 -0.906358 0.0437467 171.265 0.898062 0.569628 -0.0873721 112.552 0.0510959 0.0851134 1.03604 3.97317
0.643336 -0.850087 0.0295845 167.095 0.84181 0.65191 -0.0941966 107.09 0.057233 0.0822937 1.03621 3.57278
0.676451 -0.823694 0.03339 164.703 0.815837 0.684449 -0.102983 105.066 0.0583843 0.0933473 1.03553 3.37587
0.67897 -0.822125 0.0350334 165.188 0.814103 0.686695 -0.106907 105.614 0.0601344 0.097397 1.03535 3.48215
0.683208 -0.819047 0.0371743 165.693 0.81101 0.690725 -0.109796 106.186 0.0605142 0.101291 1.03525 3.56639
0.687416 -0.81592 0.0399987 166.158 0.80828 0.695275 -0.106703 106.78 0.0557434 0.101711 1.03574 3.62458
0.693412 -0.811034 0.0453724 166.645 0.804212 0.701824 -0.100553 107.385 0.0466775 0.102121 1.03641 3.67152
0.697608 -0.808067 0.0438142 167.105 0.801358 0.707003 -0.0931229 107.923 0.041468 0.0960621 1.03745 3.72602
0.703678 -0.80346 0.0408394 167.552 0.796389 0.713247 -0.0949776 108.454 0.0441877 0.0953306 1.03768 3.73741
0.709919 -0.79852 0.0395993 168.013 0.790976 0.719033 -0.102763 108.984 0.05024 0.100099 1.03726 3.78975
0.71673 -0.792997 0.0378128 168.477 0.784801 0.725217 -0.112252 109.54 0.0578065 0.105785 1.03663 3.85689
0.722471 -0.78861 0.0309208 168.929 0.779752 0.731603 -0.111887 110.041 0.0615343 0.100709 1.03717 3.90883
0.727125 -0.784907 0.0302148 169.386 0.776187 0.736906 -0.107642 110.618 0.058274 0.097499 1.03792 3.96912
0.731068 -0.781648 0.0341086 169.876 0.773425 0.741191 -0.103897 111.109 0.0523006 0.0980073 1.03846 3.99651
0.73523 -0.77824 0.0356197 170.358 0.770381 0.746042 -0.0978979 111.585 0.0462922 0.0950806 1.03928 3.98918
0.739539 -0.774773 0.0345658 170.84 0.766878 0.750842 -0.0952695 112.071 0.0445916 0.0926327 1.03984 3.98883
0.743494 -0.771478 0.0365022 171.305 0.76365 0.754836 -0.0961842 112.582 0.0434373 0.0949328 1.03996 4.04517
0.745607 -0.769849 0.0410226 171.742 0.762237 0.756761 -0.098195 113.066 0.0414598 0.0998239 1.03989 4.09154
0.744945 -0.771159 0.0423243 172.223 0.76347 0.75621 -0.0981886 113.581 0.0406482 0.100712 1.04012 4.13672
0.746101 -0.770302 0.0491359 172.636 0.763111 0.757232 -0.0988285 114.063 0.0361455 0.106241 1.04004 4.1912
0.747425 -0.769788 0.0478747 173.068 0.762412 0.75904 -0.0963393 114.603 0.0350717 0.103527 1.04061 4.21503
0.742507 -0.775801 0.0416923 173.647 0.767469 0.754388 -0.0971419 115.048 0.0407438 0.0992477 1.04109 4.27331
0.740333 -0.778952 0.0364778 174.151 0.769662 0.752108 -0.102245 115.543 0.0485087 0.0988971 1.04108 4.33426
0.739427 -0.780795 0.031533 174.634 0.77052 0.751036 -0.108417 116.054 0.0567039 0.0995668 1.0409 4.34687
